2,1,238,77,81,68,-1,-1,-1,-1
2,2,206,91,39,27,-1,-1,-1,-1
2,3,21,87,70,56,-1,-1,-1,-1
3,1,238,77,81,67,-1,-1,-1,-1
3,2,206,90,39,27,-1,-1,-1,-1
3,3,21,87,70,55,-1,-1,-1,-1
4,1,238,77,81,68,-1,-1,-1,-1
4,2,206,91,38,26,-1,-1,-1,-1
4,3,22,87,69,55,-1,-1,-1,-1
5,1,238,77,81,68,-1,-1,-1,-1
5,2,206,91,38,26,-1,-1,-1,-1
5,3,23,87,68,55,-1,-1,-1,-1
6,1,238,78,81,67,-1,-1,-1,-1
6,2,206,91,38,26,-1,-1,-1,-1
6,3,22,88,69,55,-1,-1,-1,-1
7,1,238,78,80,68,-1,-1,-1,-1
7,2,206,92,37,25,-1,-1,-1,-1
7,3,23,88,69,55,-1,-1,-1,-1
8,1,238,78,80,67,-1,-1,-1,-1
8,2,205,92,37,25,-1,-1,-1,-1
8,3,23,88,68,55,-1,-1,-1,-1
9,1,238,78,80,66,-1,-1,-1,-1
9,2,204,92,37,24,-1,-1,-1,-1
9,3,24,88,67,53,-1,-1,-1,-1
10,1,238,78,80,66,-1,-1,-1,-1
10,2,204,92,37,24,-1,-1,-1,-1
10,3,24,88,66,53,-1,-1,-1,-1
11,1,238,77,80,66,-1,-1,-1,-1
11,2,203,92,38,24,-1,-1,-1,-1
11,3,24,88,67,52,-1,-1,-1,-1
12,1,237,77,81,66,-1,-1,-1,-1
12,2,203,91,38,25,-1,-1,-1,-1
12,3,24,87,67,53,-1,-1,-1,-1
13,1,237,75,81,66,-1,-1,-1,-1
13,2,202,90,37,24,-1,-1,-1,-1
13,3,24,85,67,53,-1,-1,-1,-1
14,1,237,74,81,67,-1,-1,-1,-1
14,2,202,89,37,24,-1,-1,-1,-1
14,3,24,85,67,53,-1,-1,-1,-1
15,1,238,74,80,65,-1,-1,-1,-1
15,2,202,88,37,24,-1,-1,-1,-1
15,3,24,84,67,53,-1,-1,-1,-1
16,1,237,72,82,66,-1,-1,-1,-1
16,2,201,87,38,24,-1,-1,-1,-1
16,3,25,83,66,53,-1,-1,-1,-1
17,1,237,72,82,66,-1,-1,-1,-1
17,2,200,86,38,25,-1,-1,-1,-1
17,3,26,82,66,53,-1,-1,-1,-1
18,1,237,71,81,66,-1,-1,-1,-1
18,2,199,86,39,25,-1,-1,-1,-1
18,3,27,82,65,52,-1,-1,-1,-1
19,1,236,71,83,66,-1,-1,-1,-1
19,2,198,86,38,24,-1,-1,-1,-1
19,3,27,82,65,52,-1,-1,-1,-1
20,1,236,71,83,66,-1,-1,-1,-1
20,2,198,87,38,24,-1,-1,-1,-1
20,3,28,83,63,51,-1,-1,-1,-1
21,1,236,71,82,66,-1,-1,-1,-1
21,2,197,87,40,24,-1,-1,-1,-1
21,3,29,83,62,50,-1,-1,-1,-1
22,1,235,71,83,66,-1,-1,-1,-1
22,2,196,87,39,24,-1,-1,-1,-1
22,3,29,83,63,51,-1,-1,-1,-1
23,1,235,71,83,67,-1,-1,-1,-1
23,2,196,87,39,24,-1,-1,-1,-1
23,3,29,83,64,51,-1,-1,-1,-1
24,1,234,72,83,66,-1,-1,-1,-1
24,2,196,88,38,23,-1,-1,-1,-1
24,3,30,84,63,50,-1,-1,-1,-1
25,1,234,72,83,66,-1,-1,-1,-1
25,2,195,88,38,23,-1,-1,-1,-1
25,3,31,84,61,50,-1,-1,-1,-1
26,1,234,72,83,66,-1,-1,-1,-1
26,2,194,88,39,23,-1,-1,-1,-1
26,3,31,84,62,49,-1,-1,-1,-1
27,1,234,72,84,65,-1,-1,-1,-1
27,2,193,88,39,23,-1,-1,-1,-1
27,3,32,84,61,49,-1,-1,-1,-1
28,1,234,72,83,65,-1,-1,-1,-1
28,2,193,88,39,23,-1,-1,-1,-1
28,3,32,85,61,47,-1,-1,-1,-1
29,1,233,72,85,65,-1,-1,-1,-1
29,2,192,88,38,23,-1,-1,-1,-1
29,3,33,84,61,48,-1,-1,-1,-1
30,1,234,72,84,65,-1,-1,-1,-1
30,2,192,88,39,23,-1,-1,-1,-1
30,3,34,84,61,48,-1,-1,-1,-1
31,1,234,74,83,63,-1,-1,-1,-1
31,2,191,88,38,23,-1,-1,-1,-1
31,3,35,85,60,47,-1,-1,-1,-1
32,1,234,74,84,63,-1,-1,-1,-1
32,2,190,89,38,23,-1,-1,-1,-1
32,3,36,85,59,47,-1,-1,-1,-1
33,1,234,74,84,63,-1,-1,-1,-1
33,2,189,89,39,23,-1,-1,-1,-1
33,3,37,85,59,47,-1,-1,-1,-1
34,1,234,75,83,62,-1,-1,-1,-1
34,2,189,89,38,23,-1,-1,-1,-1
34,3,37,85,59,46,-1,-1,-1,-1
35,1,234,75,83,62,-1,-1,-1,-1
35,2,188,89,37,23,-1,-1,-1,-1
35,3,38,85,58,46,-1,-1,-1,-1
36,1,233,74,85,63,-1,-1,-1,-1
36,2,187,89,38,23,-1,-1,-1,-1
36,3,39,85,58,46,-1,-1,-1,-1
37,1,233,73,85,64,-1,-1,-1,-1
37,2,186,88,38,23,-1,-1,-1,-1
37,3,39,84,58,46,-1,-1,-1,-1
38,1,233,73,85,62,-1,-1,-1,-1
38,2,186,87,38,23,-1,-1,-1,-1
38,3,39,83,59,46,-1,-1,-1,-1
39,1,233,71,85,63,-1,-1,-1,-1
39,2,185,86,37,22,-1,-1,-1,-1
39,3,40,82,58,45,-1,-1,-1,-1
40,1,232,70,87,64,-1,-1,-1,-1
40,2,184,85,37,22,-1,-1,-1,-1
40,3,41,81,57,45,-1,-1,-1,-1
41,1,232,70,85,63,-1,-1,-1,-1
41,2,183,83,38,23,-1,-1,-1,-1
41,3,41,80,57,45,-1,-1,-1,-1
42,1,233,70,84,62,-1,-1,-1,-1
42,2,182,83,39,23,-1,-1,-1,-1
42,3,42,80,57,44,-1,-1,-1,-1
43,1,232,70,85,62,-1,-1,-1,-1
43,2,181,83,39,23,-1,-1,-1,-1
43,3,43,80,56,44,-1,-1,-1,-1
44,1,232,71,85,62,-1,-1,-1,-1
44,2,180,84,39,23,-1,-1,-1,-1
44,3,43,81,56,44,-1,-1,-1,-1
45,1,231,72,87,63,-1,-1,-1,-1
45,2,180,85,38,23,-1,-1,-1,-1
45,3,44,83,56,43,-1,-1,-1,-1
46,1,231,74,87,62,-1,-1,-1,-1
46,2,179,87,38,23,-1,-1,-1,-1
46,3,45,85,54,42,-1,-1,-1,-1
47,1,231,75,87,62,-1,-1,-1,-1
47,2,178,87,38,24,-1,-1,-1,-1
47,3,45,86,55,42,-1,-1,-1,-1
48,1,231,77,86,61,-1,-1,-1,-1
48,2,178,89,37,22,-1,-1,-1,-1
48,3,45,86,55,43,-1,-1,-1,-1
49,1,231,77,86,61,-1,-1,-1,-1
49,2,177,89,37,23,-1,-1,-1,-1
49,3,45,87,55,42,-1,-1,-1,-1
50,1,230,78,87,61,-1,-1,-1,-1
50,2,176,90,36,22,-1,-1,-1,-1
50,3,45,87,55,43,-1,-1,-1,-1
51,1,230,78,87,61,-1,-1,-1,-1
51,2,175,90,36,22,-1,-1,-1,-1
51,3,45,87,55,42,-1,-1,-1,-1
52,1,229,77,88,62,-1,-1,-1,-1
52,2,174,89,36,22,-1,-1,-1,-1
52,3,45,87,55,42,-1,-1,-1,-1
53,1,228,76,89,61,-1,-1,-1,-1
53,2,172,88,36,21,-1,-1,-1,-1
53,3,45,86,54,42,-1,-1,-1,-1
54,1,228,76,89,61,-1,-1,-1,-1
54,2,170,88,37,21,-1,-1,-1,-1
54,3,45,86,54,42,-1,-1,-1,-1
55,1,227,76,90,61,-1,-1,-1,-1
55,2,170,88,35,21,-1,-1,-1,-1
55,3,46,86,53,42,-1,-1,-1,-1
56,1,227,76,90,61,-1,-1,-1,-1
56,2,168,88,36,21,-1,-1,-1,-1
56,3,46,86,53,41,-1,-1,-1,-1
57,1,227,77,90,61,-1,-1,-1,-1
57,2,167,88,36,22,-1,-1,-1,-1
57,3,47,87,51,40,-1,-1,-1,-1
58,1,225,77,89,61,-1,-1,-1,-1
58,2,167,89,35,21,-1,-1,-1,-1
58,3,47,87,52,41,-1,-1,-1,-1
59,1,225,78,91,62,-1,-1,-1,-1
59,2,165,90,36,21,-1,-1,-1,-1
59,3,47,88,52,40,-1,-1,-1,-1
60,1,225,79,92,61,-1,-1,-1,-1
60,2,165,90,35,21,-1,-1,-1,-1
60,3,48,89,51,39,-1,-1,-1,-1
61,1,224,79,94,64,-1,-1,-1,-1
61,2,164,91,37,21,-1,-1,-1,-1
61,3,48,89,51,40,-1,-1,-1,-1
62,1,224,80,93,61,-1,-1,-1,-1
62,2,164,91,36,21,-1,-1,-1,-1
62,3,48,90,50,39,-1,-1,-1,-1
63,1,224,80,92,60,-1,-1,-1,-1
63,2,163,92,35,21,-1,-1,-1,-1
63,3,48,90,51,39,-1,-1,-1,-1
64,1,224,80,92,60,-1,-1,-1,-1
64,2,162,92,35,21,-1,-1,-1,-1
64,3,49,90,49,39,-1,-1,-1,-1
65,1,223,80,93,61,-1,-1,-1,-1
65,2,161,91,36,21,-1,-1,-1,-1
65,3,49,90,49,39,-1,-1,-1,-1
66,1,223,80,92,60,-1,-1,-1,-1
66,2,160,91,35,21,-1,-1,-1,-1
66,3,48,90,50,39,-1,-1,-1,-1
67,1,222,79,93,61,-1,-1,-1,-1
67,2,158,90,37,22,-1,-1,-1,-1
67,3,48,89,50,39,-1,-1,-1,-1
68,1,221,78,94,61,-1,-1,-1,-1
68,2,157,89,36,22,-1,-1,-1,-1
68,3,49,89,49,38,-1,-1,-1,-1
69,1,221,78,94,61,-1,-1,-1,-1
69,2,157,89,36,21,-1,-1,-1,-1
69,3,48,88,50,39,-1,-1,-1,-1
70,1,221,78,93,60,-1,-1,-1,-1
70,2,156,89,36,21,-1,-1,-1,-1
70,3,48,88,51,38,-1,-1,-1,-1
71,1,222,77,92,60,-1,-1,-1,-1
71,2,156,88,35,21,-1,-1,-1,-1
71,3,50,87,49,38,-1,-1,-1,-1
72,1,221,77,94,60,-1,-1,-1,-1
72,2,154,87,36,22,-1,-1,-1,-1
72,3,50,87,49,38,-1,-1,-1,-1
73,1,221,77,93,59,-1,-1,-1,-1
73,2,154,87,35,21,-1,-1,-1,-1
73,3,50,86,48,38,-1,-1,-1,-1
74,1,219,77,94,59,-1,-1,-1,-1
74,2,153,87,35,21,-1,-1,-1,-1
74,3,50,86,48,37,-1,-1,-1,-1
75,1,217,76,94,60,-1,-1,-1,-1
75,2,153,86,35,21,-1,-1,-1,-1
75,3,51,86,47,37,-1,-1,-1,-1
76,1,216,77,92,59,-1,-1,-1,-1
76,2,153,87,34,21,-1,-1,-1,-1
76,3,51,86,48,37,-1,-1,-1,-1
77,1,215,77,91,60,-1,-1,-1,-1
77,2,152,87,34,21,-1,-1,-1,-1
77,3,52,86,46,37,-1,-1,-1,-1
78,1,213,77,90,60,-1,-1,-1,-1
78,2,151,86,34,21,-1,-1,-1,-1
78,3,51,86,48,36,-1,-1,-1,-1
79,1,212,77,88,59,-1,-1,-1,-1
79,2,150,86,34,21,-1,-1,-1,-1
79,3,52,86,47,36,-1,-1,-1,-1
80,1,211,77,87,59,-1,-1,-1,-1
80,2,150,86,33,21,-1,-1,-1,-1
80,3,53,85,46,36,-1,-1,-1,-1
81,1,210,76,86,60,-1,-1,-1,-1
81,2,149,86,34,21,-1,-1,-1,-1
81,3,53,85,46,36,-1,-1,-1,-1
82,1,210,76,85,60,-1,-1,-1,-1
82,2,149,86,33,20,-1,-1,-1,-1
82,3,53,85,47,36,-1,-1,-1,-1
82,4,282,74,35,89,-1,-1,-1,-1
83,1,207,75,83,60,-1,-1,-1,-1
83,2,148,85,33,20,-1,-1,-1,-1
83,3,53,84,47,36,-1,-1,-1,-1
83,4,283,91,29,71,-1,-1,-1,-1
84,1,206,75,80,60,-1,-1,-1,-1
84,2,147,85,34,20,-1,-1,-1,-1
84,3,54,84,46,35,-1,-1,-1,-1
84,4,280,89,31,73,-1,-1,-1,-1
85,1,204,74,80,60,-1,-1,-1,-1
85,2,147,84,33,21,-1,-1,-1,-1
85,3,54,83,45,36,-1,-1,-1,-1
85,4,279,93,29,69,-1,-1,-1,-1
86,1,209,75,77,59,-1,-1,-1,-1
86,2,146,85,33,20,-1,-1,-1,-1
86,3,54,84,45,36,-1,-1,-1,-1
87,1,204,76,73,58,-1,-1,-1,-1
87,2,146,85,32,20,-1,-1,-1,-1
87,3,54,85,45,35,-1,-1,-1,-1
88,1,205,76,72,58,-1,-1,-1,-1
88,2,145,85,33,20,-1,-1,-1,-1
88,3,55,85,44,35,-1,-1,-1,-1
89,1,203,77,67,57,-1,-1,-1,-1
89,2,144,85,33,20,-1,-1,-1,-1
89,3,55,85,44,34,-1,-1,-1,-1
90,1,202,77,66,57,-1,-1,-1,-1
90,2,144,85,33,20,-1,-1,-1,-1
90,3,55,85,44,34,-1,-1,-1,-1
91,2,143,85,33,20,-1,-1,-1,-1
91,3,55,85,44,34,-1,-1,-1,-1
92,2,143,85,33,20,-1,-1,-1,-1
92,3,55,85,43,34,-1,-1,-1,-1
92,6,217,94,22,36,-1,-1,-1,-1
93,2,142,84,33,20,-1,-1,-1,-1
93,3,55,83,44,35,-1,-1,-1,-1
93,6,215,96,20,34,-1,-1,-1,-1
94,2,142,84,32,20,-1,-1,-1,-1
94,3,55,83,44,35,-1,-1,-1,-1
94,6,213,94,21,36,-1,-1,-1,-1
95,2,141,84,33,20,-1,-1,-1,-1
95,3,55,83,44,35,-1,-1,-1,-1
95,6,212,94,21,35,-1,-1,-1,-1
96,2,141,84,32,20,-1,-1,-1,-1
96,3,56,83,43,35,-1,-1,-1,-1
97,2,140,84,32,19,-1,-1,-1,-1
97,3,56,83,43,34,-1,-1,-1,-1
98,2,139,84,32,19,-1,-1,-1,-1
98,3,56,83,43,34,-1,-1,-1,-1
98,7,254,74,51,60,-1,-1,-1,-1
99,2,139,84,31,19,-1,-1,-1,-1
99,3,55,83,43,34,-1,-1,-1,-1
99,7,245,74,52,60,-1,-1,-1,-1
100,2,137,84,34,20,-1,-1,-1,-1
100,3,55,83,43,34,-1,-1,-1,-1
100,7,245,75,52,59,-1,-1,-1,-1
101,2,137,84,32,20,-1,-1,-1,-1
101,3,56,83,42,34,-1,-1,-1,-1
101,7,245,75,53,59,-1,-1,-1,-1
102,1,234,76,70,57,-1,-1,-1,-1
102,2,136,84,33,20,-1,-1,-1,-1
102,3,56,84,41,33,-1,-1,-1,-1
102,7,243,75,53,59,-1,-1,-1,-1
103,1,233,75,71,59,-1,-1,-1,-1
103,2,135,84,33,20,-1,-1,-1,-1
103,3,55,84,42,33,-1,-1,-1,-1
104,1,231,75,73,59,-1,-1,-1,-1
104,2,135,84,32,20,-1,-1,-1,-1
104,3,55,84,42,33,-1,-1,-1,-1
105,1,228,74,75,59,-1,-1,-1,-1
105,2,134,83,32,20,-1,-1,-1,-1
105,3,55,83,42,33,-1,-1,-1,-1
106,1,229,76,72,56,-1,-1,-1,-1
106,2,134,82,31,19,-1,-1,-1,-1
106,3,55,82,41,32,-1,-1,-1,-1
107,1,225,73,77,58,-1,-1,-1,-1
107,2,133,81,32,19,-1,-1,-1,-1
107,3,55,80,41,33,-1,-1,-1,-1
108,1,222,70,79,59,-1,-1,-1,-1
108,2,133,79,31,19,-1,-1,-1,-1
108,3,55,78,41,32,-1,-1,-1,-1
109,1,219,68,81,59,-1,-1,-1,-1
109,2,132,78,32,19,-1,-1,-1,-1
109,3,55,77,40,32,-1,-1,-1,-1
110,1,218,67,82,59,-1,-1,-1,-1
110,2,132,77,31,19,-1,-1,-1,-1
110,3,55,76,40,32,-1,-1,-1,-1
111,1,216,67,83,59,-1,-1,-1,-1
111,2,131,77,32,19,-1,-1,-1,-1
111,3,54,76,41,32,-1,-1,-1,-1
112,1,215,67,84,59,-1,-1,-1,-1
112,2,130,76,32,20,-1,-1,-1,-1
112,3,55,75,40,32,-1,-1,-1,-1
113,1,214,68,85,58,-1,-1,-1,-1
113,2,129,76,32,20,-1,-1,-1,-1
113,3,55,75,40,32,-1,-1,-1,-1
114,1,214,68,85,58,-1,-1,-1,-1
114,2,128,77,31,19,-1,-1,-1,-1
114,3,54,76,40,31,-1,-1,-1,-1
115,1,212,69,87,59,-1,-1,-1,-1
115,2,127,78,30,19,-1,-1,-1,-1
115,3,54,77,40,32,-1,-1,-1,-1
116,1,212,71,86,58,-1,-1,-1,-1
116,2,127,80,30,19,-1,-1,-1,-1
116,3,54,78,40,32,-1,-1,-1,-1
117,1,211,72,87,58,-1,-1,-1,-1
117,2,125,81,29,19,-1,-1,-1,-1
117,3,53,79,41,32,-1,-1,-1,-1
118,1,209,73,88,58,-1,-1,-1,-1
118,2,124,82,30,20,-1,-1,-1,-1
118,3,53,81,40,31,-1,-1,-1,-1
119,1,208,75,89,58,-1,-1,-1,-1
119,2,124,84,28,19,-1,-1,-1,-1
119,3,53,82,40,31,-1,-1,-1,-1
120,1,208,76,90,59,-1,-1,-1,-1
120,2,123,84,27,19,-1,-1,-1,-1
120,3,53,82,40,31,-1,-1,-1,-1
121,1,207,77,91,59,-1,-1,-1,-1
121,2,123,85,26,19,-1,-1,-1,-1
121,3,52,83,40,31,-1,-1,-1,-1
121,7,127,85,17,19,-1,-1,-1,-1
122,1,211,78,89,58,-1,-1,-1,-1
122,3,52,83,40,31,-1,-1,-1,-1
122,7,124,86,17,17,-1,-1,-1,-1
123,1,208,78,89,58,-1,-1,-1,-1
123,3,52,84,40,31,-1,-1,-1,-1
123,7,118,86,16,16,-1,-1,-1,-1
124,1,206,76,91,59,-1,-1,-1,-1
124,3,52,83,39,30,-1,-1,-1,-1
124,6,126,85,10,17,-1,-1,-1,-1
125,1,205,75,91,59,-1,-1,-1,-1
125,3,51,82,39,31,-1,-1,-1,-1
125,6,123,84,10,17,-1,-1,-1,-1
126,1,204,74,92,59,-1,-1,-1,-1
126,3,51,82,39,30,-1,-1,-1,-1
127,1,204,74,91,58,-1,-1,-1,-1
127,3,50,80,40,31,-1,-1,-1,-1
128,1,204,73,91,57,-1,-1,-1,-1
128,3,50,79,40,31,-1,-1,-1,-1
129,1,203,72,92,58,-1,-1,-1,-1
129,3,50,79,40,31,-1,-1,-1,-1
130,1,202,72,91,57,-1,-1,-1,-1
130,3,49,78,41,31,-1,-1,-1,-1
131,1,201,72,92,58,-1,-1,-1,-1
131,3,49,79,40,30,-1,-1,-1,-1
132,1,201,72,92,58,-1,-1,-1,-1
132,3,49,79,39,30,-1,-1,-1,-1
133,1,201,73,92,58,-1,-1,-1,-1
133,3,49,80,39,29,-1,-1,-1,-1
134,1,200,73,93,58,-1,-1,-1,-1
134,3,48,80,39,29,-1,-1,-1,-1
135,1,199,73,93,58,-1,-1,-1,-1
135,3,48,81,39,29,-1,-1,-1,-1
136,1,199,73,93,58,-1,-1,-1,-1
136,3,47,81,39,29,-1,-1,-1,-1
137,1,198,74,93,57,-1,-1,-1,-1
137,3,47,81,39,29,-1,-1,-1,-1
138,1,198,74,93,58,-1,-1,-1,-1
138,3,47,81,38,29,-1,-1,-1,-1
139,1,197,73,94,58,-1,-1,-1,-1
139,3,46,81,39,28,-1,-1,-1,-1
140,1,197,73,93,58,-1,-1,-1,-1
140,3,45,80,40,29,-1,-1,-1,-1
140,4,137,82,9,18,-1,-1,-1,-1
141,1,196,72,95,59,-1,-1,-1,-1
141,3,46,80,39,29,-1,-1,-1,-1
141,4,136,81,10,18,-1,-1,-1,-1
142,1,196,72,94,58,-1,-1,-1,-1
142,3,46,80,38,29,-1,-1,-1,-1
142,4,134,80,11,19,-1,-1,-1,-1
143,1,195,71,94,59,-1,-1,-1,-1
143,3,45,80,38,29,-1,-1,-1,-1
143,4,133,80,12,19,-1,-1,-1,-1
144,1,195,71,93,59,-1,-1,-1,-1
144,3,45,80,38,28,-1,-1,-1,-1
144,4,133,81,11,18,-1,-1,-1,-1
145,1,194,71,93,58,-1,-1,-1,-1
145,3,44,80,39,28,-1,-1,-1,-1
145,4,132,81,12,18,-1,-1,-1,-1
146,1,194,71,93,58,-1,-1,-1,-1
146,3,44,80,39,28,-1,-1,-1,-1
146,4,131,81,12,17,-1,-1,-1,-1
147,1,193,71,93,58,-1,-1,-1,-1
147,3,43,79,39,29,-1,-1,-1,-1
147,4,130,81,12,18,-1,-1,-1,-1
148,1,192,72,94,58,-1,-1,-1,-1
148,3,43,79,38,29,-1,-1,-1,-1
148,4,128,81,14,18,-1,-1,-1,-1
149,1,191,72,94,58,-1,-1,-1,-1
149,3,43,80,38,28,-1,-1,-1,-1
149,4,128,81,13,18,-1,-1,-1,-1
150,1,191,73,93,57,-1,-1,-1,-1
150,3,42,81,38,28,-1,-1,-1,-1
150,4,128,83,12,17,-1,-1,-1,-1
151,1,190,73,94,58,-1,-1,-1,-1
151,3,42,81,37,28,-1,-1,-1,-1
151,4,127,83,13,18,-1,-1,-1,-1
152,1,189,74,94,57,-1,-1,-1,-1
152,3,41,82,38,27,-1,-1,-1,-1
152,4,126,84,13,17,-1,-1,-1,-1
153,1,189,74,93,58,-1,-1,-1,-1
153,3,41,82,37,28,-1,-1,-1,-1
153,4,125,83,14,19,-1,-1,-1,-1
154,1,188,73,93,58,-1,-1,-1,-1
154,3,42,82,36,27,-1,-1,-1,-1
154,4,124,83,14,18,-1,-1,-1,-1
155,1,188,72,93,58,-1,-1,-1,-1
155,3,41,80,37,28,-1,-1,-1,-1
155,4,123,83,15,17,-1,-1,-1,-1
156,1,187,71,93,57,-1,-1,-1,-1
156,3,40,79,37,28,-1,-1,-1,-1
156,4,122,81,15,18,-1,-1,-1,-1
157,1,186,69,93,57,-1,-1,-1,-1
157,3,40,78,36,27,-1,-1,-1,-1
157,4,122,80,14,17,-1,-1,-1,-1
158,1,186,68,92,58,-1,-1,-1,-1
158,3,39,77,37,28,-1,-1,-1,-1
158,4,120,80,15,17,-1,-1,-1,-1
159,1,184,68,93,57,-1,-1,-1,-1
159,3,38,77,37,28,-1,-1,-1,-1
159,4,118,79,16,18,-1,-1,-1,-1
160,1,184,67,93,58,-1,-1,-1,-1
160,3,38,77,37,28,-1,-1,-1,-1
160,4,118,79,16,18,-1,-1,-1,-1
161,1,183,68,93,58,-1,-1,-1,-1
161,2,116,84,20,15,-1,-1,-1,-1
161,3,37,78,38,28,-1,-1,-1,-1
161,4,117,79,16,18,-1,-1,-1,-1
162,1,183,70,93,58,-1,-1,-1,-1
162,2,116,83,20,15,-1,-1,-1,-1
162,3,37,78,37,28,-1,-1,-1,-1
162,4,117,81,16,18,-1,-1,-1,-1
163,1,182,70,93,58,-1,-1,-1,-1
163,3,37,79,37,28,-1,-1,-1,-1
163,4,116,82,17,17,-1,-1,-1,-1
164,1,182,70,92,58,-1,-1,-1,-1
164,3,36,80,36,27,-1,-1,-1,-1
164,4,115,82,16,17,-1,-1,-1,-1
165,1,181,70,93,58,-1,-1,-1,-1
165,3,35,80,37,27,-1,-1,-1,-1
165,4,114,83,17,17,-1,-1,-1,-1
166,1,181,71,92,57,-1,-1,-1,-1
166,3,35,80,36,27,-1,-1,-1,-1
166,4,113,83,17,17,-1,-1,-1,-1
167,1,180,71,91,58,-1,-1,-1,-1
167,3,34,79,38,29,-1,-1,-1,-1
167,4,112,83,17,17,-1,-1,-1,-1
168,1,180,72,90,57,-1,-1,-1,-1
168,3,33,79,38,29,-1,-1,-1,-1
168,4,110,83,19,18,-1,-1,-1,-1
169,1,179,72,91,57,-1,-1,-1,-1
169,3,33,79,38,29,-1,-1,-1,-1
169,4,110,83,18,18,-1,-1,-1,-1
170,1,178,72,91,57,-1,-1,-1,-1
170,3,33,79,37,29,-1,-1,-1,-1
170,4,110,83,18,18,-1,-1,-1,-1
171,1,177,71,92,58,-1,-1,-1,-1
171,3,32,79,37,29,-1,-1,-1,-1
171,4,109,83,18,17,-1,-1,-1,-1
172,1,176,71,92,58,-1,-1,-1,-1
172,3,32,79,37,29,-1,-1,-1,-1
172,4,109,83,17,17,-1,-1,-1,-1
173,1,176,71,91,57,-1,-1,-1,-1
173,3,32,80,36,28,-1,-1,-1,-1
173,4,108,83,19,17,-1,-1,-1,-1
174,1,175,71,92,57,-1,-1,-1,-1
174,3,31,80,37,28,-1,-1,-1,-1
174,4,106,83,20,17,-1,-1,-1,-1
175,1,175,71,91,57,-1,-1,-1,-1
175,3,33,80,36,28,-1,-1,-1,-1
175,4,106,83,19,18,-1,-1,-1,-1
176,1,174,71,91,57,-1,-1,-1,-1
176,3,32,80,36,28,-1,-1,-1,-1
176,4,104,83,20,18,-1,-1,-1,-1
177,1,173,71,91,58,-1,-1,-1,-1
177,3,32,80,35,28,-1,-1,-1,-1
177,4,103,84,21,18,-1,-1,-1,-1
178,1,172,72,92,57,-1,-1,-1,-1
178,3,31,81,35,27,-1,-1,-1,-1
178,4,103,84,21,18,-1,-1,-1,-1
179,1,172,72,91,58,-1,-1,-1,-1
179,3,34,81,36,27,-1,-1,-1,-1
179,4,102,84,21,18,-1,-1,-1,-1
180,1,172,73,89,57,-1,-1,-1,-1
180,3,31,82,35,26,-1,-1,-1,-1
180,4,101,84,21,18,-1,-1,-1,-1
181,1,171,73,89,57,-1,-1,-1,-1
181,3,30,82,34,26,-1,-1,-1,-1
181,4,100,85,22,18,-1,-1,-1,-1
182,1,171,74,90,56,-1,-1,-1,-1
182,3,29,83,35,25,-1,-1,-1,-1
182,4,100,85,22,18,-1,-1,-1,-1
182,12,58,79,20,28,-1,-1,-1,-1
183,1,170,74,90,56,-1,-1,-1,-1
183,3,28,83,35,25,-1,-1,-1,-1
183,4,98,85,23,19,-1,-1,-1,-1
183,12,57,79,21,29,-1,-1,-1,-1
184,1,170,74,90,57,-1,-1,-1,-1
184,3,27,83,36,26,-1,-1,-1,-1
184,4,98,85,22,19,-1,-1,-1,-1
184,12,57,79,21,29,-1,-1,-1,-1
185,1,169,74,90,57,-1,-1,-1,-1
185,3,27,83,35,26,-1,-1,-1,-1
185,4,96,85,23,19,-1,-1,-1,-1
185,12,56,79,20,29,-1,-1,-1,-1
186,1,168,74,90,57,-1,-1,-1,-1
186,2,93,84,26,18,-1,-1,-1,-1
186,3,26,83,35,26,-1,-1,-1,-1
186,4,95,85,23,19,-1,-1,-1,-1
186,12,56,80,20,28,-1,-1,-1,-1
187,1,168,74,90,57,-1,-1,-1,-1
187,2,93,85,26,18,-1,-1,-1,-1
187,3,26,83,35,26,-1,-1,-1,-1
187,12,56,80,20,28,-1,-1,-1,-1
188,1,167,74,90,57,-1,-1,-1,-1
188,2,92,85,26,18,-1,-1,-1,-1
188,3,26,84,35,25,-1,-1,-1,-1
189,1,167,74,89,57,-1,-1,-1,-1
189,2,91,85,27,18,-1,-1,-1,-1
189,3,26,84,34,26,-1,-1,-1,-1
190,1,166,74,90,57,-1,-1,-1,-1
190,2,92,86,27,17,-1,-1,-1,-1
190,3,25,84,35,26,-1,-1,-1,-1
191,1,166,74,89,57,-1,-1,-1,-1
191,2,92,86,27,18,-1,-1,-1,-1
191,3,24,84,36,27,-1,-1,-1,-1
192,1,165,74,89,57,-1,-1,-1,-1
192,2,91,86,26,18,-1,-1,-1,-1
192,3,24,84,35,27,-1,-1,-1,-1
193,1,164,75,90,57,-1,-1,-1,-1
193,2,91,86,26,18,-1,-1,-1,-1
193,3,24,85,35,26,-1,-1,-1,-1
194,1,164,75,89,57,-1,-1,-1,-1
194,2,90,86,26,18,-1,-1,-1,-1
194,3,24,85,35,28,-1,-1,-1,-1
195,1,164,75,88,56,-1,-1,-1,-1
195,2,89,87,26,17,-1,-1,-1,-1
195,3,23,85,36,28,-1,-1,-1,-1
196,1,163,75,88,56,-1,-1,-1,-1
196,2,89,88,26,17,-1,-1,-1,-1
196,3,22,85,36,28,-1,-1,-1,-1
197,1,163,76,87,55,-1,-1,-1,-1
197,2,89,87,26,18,-1,-1,-1,-1
197,3,23,86,34,27,-1,-1,-1,-1
198,1,161,75,89,57,-1,-1,-1,-1
198,2,89,87,26,18,-1,-1,-1,-1
198,3,22,86,34,27,-1,-1,-1,-1
199,1,161,75,88,57,-1,-1,-1,-1
199,2,89,88,25,17,-1,-1,-1,-1
199,3,22,86,34,26,-1,-1,-1,-1
200,1,160,76,89,57,-1,-1,-1,-1
200,2,88,88,25,17,-1,-1,-1,-1
200,3,22,86,32,26,-1,-1,-1,-1
201,1,160,76,88,57,-1,-1,-1,-1
201,2,89,88,24,17,-1,-1,-1,-1
201,3,22,87,32,25,-1,-1,-1,-1
201,4,73,87,22,20,-1,-1,-1,-1
202,1,158,76,89,58,-1,-1,-1,-1
202,2,89,89,24,17,-1,-1,-1,-1
202,3,22,87,31,25,-1,-1,-1,-1
202,4,72,87,22,20,-1,-1,-1,-1
203,1,158,76,88,57,-1,-1,-1,-1
203,2,88,88,25,18,-1,-1,-1,-1
203,3,22,87,30,24,-1,-1,-1,-1
203,4,70,87,23,20,-1,-1,-1,-1
204,1,158,77,87,56,-1,-1,-1,-1
204,2,88,88,24,18,-1,-1,-1,-1
204,3,21,87,31,24,-1,-1,-1,-1
205,1,157,77,87,57,-1,-1,-1,-1
205,2,88,88,24,18,-1,-1,-1,-1
205,3,21,87,31,24,-1,-1,-1,-1
206,1,156,76,87,57,-1,-1,-1,-1
206,2,86,88,24,17,-1,-1,-1,-1
206,3,20,86,33,25,-1,-1,-1,-1
207,1,156,76,87,57,-1,-1,-1,-1
207,2,84,87,25,18,-1,-1,-1,-1
207,3,19,86,34,25,-1,-1,-1,-1
208,1,156,75,87,57,-1,-1,-1,-1
208,2,84,87,24,17,-1,-1,-1,-1
208,3,19,85,33,25,-1,-1,-1,-1
209,1,155,74,87,56,-1,-1,-1,-1
209,2,82,85,27,18,-1,-1,-1,-1
209,3,19,83,33,25,-1,-1,-1,-1
210,1,155,74,86,56,-1,-1,-1,-1
210,2,82,84,27,19,-1,-1,-1,-1
210,3,19,83,33,25,-1,-1,-1,-1
211,1,155,73,86,56,-1,-1,-1,-1
211,2,81,82,28,20,-1,-1,-1,-1
211,3,18,82,34,25,-1,-1,-1,-1
212,1,155,72,86,56,-1,-1,-1,-1
212,2,82,82,26,18,-1,-1,-1,-1
212,3,18,81,34,25,-1,-1,-1,-1
213,1,154,71,86,56,-1,-1,-1,-1
213,2,82,82,25,18,-1,-1,-1,-1
213,3,18,80,33,26,-1,-1,-1,-1
214,1,153,71,87,57,-1,-1,-1,-1
214,2,82,82,25,17,-1,-1,-1,-1
214,3,18,80,33,25,-1,-1,-1,-1
215,1,153,71,86,57,-1,-1,-1,-1
215,2,79,80,30,20,-1,-1,-1,-1
215,3,17,80,34,25,-1,-1,-1,-1
216,1,153,71,86,56,-1,-1,-1,-1
216,2,80,79,30,21,-1,-1,-1,-1
216,3,17,80,34,26,-1,-1,-1,-1
217,1,153,73,85,56,-1,-1,-1,-1
217,2,81,82,27,19,-1,-1,-1,-1
217,3,17,81,34,26,-1,-1,-1,-1
218,1,153,73,85,56,-1,-1,-1,-1
218,2,81,83,26,18,-1,-1,-1,-1
218,3,17,82,34,25,-1,-1,-1,-1
219,1,152,73,85,56,-1,-1,-1,-1
219,2,81,84,26,18,-1,-1,-1,-1
219,3,17,82,33,25,-1,-1,-1,-1
220,1,152,73,86,57,-1,-1,-1,-1
220,2,81,84,26,18,-1,-1,-1,-1
220,3,17,83,33,24,-1,-1,-1,-1
221,1,152,74,85,56,-1,-1,-1,-1
221,2,81,84,26,18,-1,-1,-1,-1
221,3,17,83,33,24,-1,-1,-1,-1
222,1,152,74,85,56,-1,-1,-1,-1
222,2,81,84,26,18,-1,-1,-1,-1
222,3,17,83,33,24,-1,-1,-1,-1
223,1,152,74,85,56,-1,-1,-1,-1
223,2,81,84,26,18,-1,-1,-1,-1
223,3,17,83,33,24,-1,-1,-1,-1
224,1,151,74,85,56,-1,-1,-1,-1
224,2,81,84,25,18,-1,-1,-1,-1
224,3,17,83,32,23,-1,-1,-1,-1
225,1,152,74,83,55,-1,-1,-1,-1
225,2,80,84,26,18,-1,-1,-1,-1
225,3,17,82,32,24,-1,-1,-1,-1
226,1,151,73,85,56,-1,-1,-1,-1
226,2,81,84,25,17,-1,-1,-1,-1
226,3,17,82,32,24,-1,-1,-1,-1
227,1,151,72,85,56,-1,-1,-1,-1
227,2,80,84,26,17,-1,-1,-1,-1
227,3,17,82,32,24,-1,-1,-1,-1
228,1,151,72,84,56,-1,-1,-1,-1
228,2,80,83,25,17,-1,-1,-1,-1
228,3,17,82,32,23,-1,-1,-1,-1
229,1,151,71,84,56,-1,-1,-1,-1
229,2,80,83,25,17,-1,-1,-1,-1
229,3,17,81,32,24,-1,-1,-1,-1
230,1,151,71,84,56,-1,-1,-1,-1
230,2,80,83,26,16,-1,-1,-1,-1
230,3,16,81,32,23,-1,-1,-1,-1
231,1,151,71,84,55,-1,-1,-1,-1
231,2,80,82,26,17,-1,-1,-1,-1
231,3,17,80,32,24,-1,-1,-1,-1
232,1,150,70,84,56,-1,-1,-1,-1
232,2,79,82,26,17,-1,-1,-1,-1
232,3,17,81,32,23,-1,-1,-1,-1
233,1,151,71,83,55,-1,-1,-1,-1
233,2,79,82,26,17,-1,-1,-1,-1
233,3,17,81,32,24,-1,-1,-1,-1
234,1,150,72,83,55,-1,-1,-1,-1
234,2,79,83,26,17,-1,-1,-1,-1
234,3,16,82,33,24,-1,-1,-1,-1
235,1,150,73,83,55,-1,-1,-1,-1
235,2,79,85,27,17,-1,-1,-1,-1
235,3,16,83,33,24,-1,-1,-1,-1
236,1,150,73,83,56,-1,-1,-1,-1
236,2,78,85,28,18,-1,-1,-1,-1
236,3,16,84,33,23,-1,-1,-1,-1
237,1,150,74,83,56,-1,-1,-1,-1
237,2,79,86,27,17,-1,-1,-1,-1
237,3,16,85,32,23,-1,-1,-1,-1
238,1,150,75,83,55,-1,-1,-1,-1
238,2,80,87,25,17,-1,-1,-1,-1
238,3,16,85,33,23,-1,-1,-1,-1
239,1,150,75,82,55,-1,-1,-1,-1
239,2,79,87,26,17,-1,-1,-1,-1
239,3,16,86,33,23,-1,-1,-1,-1
240,1,150,75,82,55,-1,-1,-1,-1
240,2,79,87,26,17,-1,-1,-1,-1
240,3,17,86,31,22,-1,-1,-1,-1
241,1,149,74,83,56,-1,-1,-1,-1
241,2,79,86,26,17,-1,-1,-1,-1
241,3,16,85,32,22,-1,-1,-1,-1
242,1,149,73,83,56,-1,-1,-1,-1
242,2,79,85,27,18,-1,-1,-1,-1
242,3,17,84,31,22,-1,-1,-1,-1
243,1,149,73,83,56,-1,-1,-1,-1
243,2,79,84,27,18,-1,-1,-1,-1
243,3,17,84,32,22,-1,-1,-1,-1
244,1,150,73,82,56,-1,-1,-1,-1
244,2,79,84,27,18,-1,-1,-1,-1
244,3,17,84,31,21,-1,-1,-1,-1
245,1,150,73,82,56,-1,-1,-1,-1
245,2,79,84,27,18,-1,-1,-1,-1
245,3,17,84,32,21,-1,-1,-1,-1
246,1,150,73,82,56,-1,-1,-1,-1
246,2,79,85,26,17,-1,-1,-1,-1
246,3,17,84,32,22,-1,-1,-1,-1
247,1,151,75,80,54,-1,-1,-1,-1
247,2,79,85,27,18,-1,-1,-1,-1
247,3,17,85,32,22,-1,-1,-1,-1
248,1,150,75,81,55,-1,-1,-1,-1
248,2,79,86,27,18,-1,-1,-1,-1
248,3,16,85,33,23,-1,-1,-1,-1
249,1,150,76,81,55,-1,-1,-1,-1
249,2,80,87,25,17,-1,-1,-1,-1
249,3,16,86,33,23,-1,-1,-1,-1
250,1,150,76,82,55,-1,-1,-1,-1
250,2,79,87,27,18,-1,-1,-1,-1
250,3,16,86,32,23,-1,-1,-1,-1
251,1,150,75,82,56,-1,-1,-1,-1
251,2,80,87,26,17,-1,-1,-1,-1
251,3,16,86,32,23,-1,-1,-1,-1
252,1,150,75,82,55,-1,-1,-1,-1
252,2,80,86,26,17,-1,-1,-1,-1
252,3,16,86,33,23,-1,-1,-1,-1
253,1,150,75,82,55,-1,-1,-1,-1
253,2,80,86,26,17,-1,-1,-1,-1
253,3,16,85,33,23,-1,-1,-1,-1
254,1,151,74,80,54,-1,-1,-1,-1
254,2,80,85,26,18,-1,-1,-1,-1
254,3,17,85,31,21,-1,-1,-1,-1
255,1,150,73,82,55,-1,-1,-1,-1
255,2,80,84,26,18,-1,-1,-1,-1
255,3,17,84,31,22,-1,-1,-1,-1
256,1,150,73,82,55,-1,-1,-1,-1
256,2,81,84,25,18,-1,-1,-1,-1
256,3,17,84,31,22,-1,-1,-1,-1
257,1,151,73,81,55,-1,-1,-1,-1
257,2,81,84,26,18,-1,-1,-1,-1
257,3,17,84,31,22,-1,-1,-1,-1
258,1,151,73,81,55,-1,-1,-1,-1
258,2,81,84,26,18,-1,-1,-1,-1
258,3,17,84,32,23,-1,-1,-1,-1
259,1,151,74,81,55,-1,-1,-1,-1
259,2,82,86,25,17,-1,-1,-1,-1
259,3,17,85,32,23,-1,-1,-1,-1
260,1,152,75,80,54,-1,-1,-1,-1
260,2,82,86,25,17,-1,-1,-1,-1
260,3,17,85,32,23,-1,-1,-1,-1
261,1,152,75,80,55,-1,-1,-1,-1
261,2,82,86,26,18,-1,-1,-1,-1
261,3,18,86,30,23,-1,-1,-1,-1
262,1,152,76,81,55,-1,-1,-1,-1
262,2,83,87,24,17,-1,-1,-1,-1
262,3,17,86,32,25,-1,-1,-1,-1
263,1,153,76,80,54,-1,-1,-1,-1
263,2,83,87,24,17,-1,-1,-1,-1
263,3,18,87,31,22,-1,-1,-1,-1
264,1,153,76,80,54,-1,-1,-1,-1
264,2,84,87,24,17,-1,-1,-1,-1
264,3,18,86,32,23,-1,-1,-1,-1
265,1,153,77,80,53,-1,-1,-1,-1
265,2,84,87,24,17,-1,-1,-1,-1
265,3,18,86,32,23,-1,-1,-1,-1
266,1,153,76,80,54,-1,-1,-1,-1
266,2,84,87,24,17,-1,-1,-1,-1
266,3,19,86,30,22,-1,-1,-1,-1
267,1,154,76,79,54,-1,-1,-1,-1
267,2,84,87,25,17,-1,-1,-1,-1
267,3,19,86,30,22,-1,-1,-1,-1
268,1,153,76,81,54,-1,-1,-1,-1
268,2,85,87,25,17,-1,-1,-1,-1
268,3,19,86,31,22,-1,-1,-1,-1
269,1,154,76,80,54,-1,-1,-1,-1
269,2,85,87,24,16,-1,-1,-1,-1
269,3,19,86,31,21,-1,-1,-1,-1
270,1,154,76,79,54,-1,-1,-1,-1
270,2,86,87,23,16,-1,-1,-1,-1
270,3,20,86,30,21,-1,-1,-1,-1
271,1,155,76,79,54,-1,-1,-1,-1
271,2,86,87,24,16,-1,-1,-1,-1
271,3,20,86,30,21,-1,-1,-1,-1
272,1,154,76,80,54,-1,-1,-1,-1
272,2,87,87,23,15,-1,-1,-1,-1
272,3,20,86,30,21,-1,-1,-1,-1
273,1,155,76,79,54,-1,-1,-1,-1
273,2,87,87,24,15,-1,-1,-1,-1
273,3,20,86,31,21,-1,-1,-1,-1
274,1,155,76,79,54,-1,-1,-1,-1
274,2,87,87,25,16,-1,-1,-1,-1
274,3,21,86,30,21,-1,-1,-1,-1
275,1,155,76,79,54,-1,-1,-1,-1
275,2,88,87,24,16,-1,-1,-1,-1
275,3,21,85,30,22,-1,-1,-1,-1
276,1,155,75,80,54,-1,-1,-1,-1
276,2,87,86,25,17,-1,-1,-1,-1
276,3,21,85,30,22,-1,-1,-1,-1
277,1,155,75,80,54,-1,-1,-1,-1
277,2,87,85,26,18,-1,-1,-1,-1
277,3,21,84,30,22,-1,-1,-1,-1
278,1,156,74,78,53,-1,-1,-1,-1
278,2,88,84,25,17,-1,-1,-1,-1
278,3,22,84,29,21,-1,-1,-1,-1
279,1,156,73,78,53,-1,-1,-1,-1
279,2,89,84,25,17,-1,-1,-1,-1
279,3,22,82,30,22,-1,-1,-1,-1
280,1,156,72,78,53,-1,-1,-1,-1
280,2,89,83,25,17,-1,-1,-1,-1
280,3,22,82,30,21,-1,-1,-1,-1
281,1,156,72,78,52,-1,-1,-1,-1
281,2,89,82,25,18,-1,-1,-1,-1
281,3,22,81,30,21,-1,-1,-1,-1
282,1,156,71,79,53,-1,-1,-1,-1
282,2,92,83,24,16,-1,-1,-1,-1
282,3,22,81,30,21,-1,-1,-1,-1
283,1,156,71,78,53,-1,-1,-1,-1
283,2,91,83,24,16,-1,-1,-1,-1
283,3,22,81,30,21,-1,-1,-1,-1
284,1,156,72,78,53,-1,-1,-1,-1
284,2,91,83,23,16,-1,-1,-1,-1
284,3,22,81,30,22,-1,-1,-1,-1
285,1,156,73,79,53,-1,-1,-1,-1
285,2,91,84,24,17,-1,-1,-1,-1
285,3,23,83,29,21,-1,-1,-1,-1
286,1,156,74,79,53,-1,-1,-1,-1
286,2,91,84,25,17,-1,-1,-1,-1
286,3,22,81,32,24,-1,-1,-1,-1
287,1,156,74,79,53,-1,-1,-1,-1
287,2,91,84,25,18,-1,-1,-1,-1
287,3,22,82,32,24,-1,-1,-1,-1
288,1,156,74,79,53,-1,-1,-1,-1
288,2,91,85,25,17,-1,-1,-1,-1
288,3,23,84,30,22,-1,-1,-1,-1
289,1,156,75,79,53,-1,-1,-1,-1
289,2,93,85,24,18,-1,-1,-1,-1
289,3,24,84,29,22,-1,-1,-1,-1
290,1,156,75,79,53,-1,-1,-1,-1
290,2,93,86,24,17,-1,-1,-1,-1
290,3,24,84,29,22,-1,-1,-1,-1
291,1,157,74,78,53,-1,-1,-1,-1
291,2,94,85,23,16,-1,-1,-1,-1
291,3,24,84,29,22,-1,-1,-1,-1
292,1,157,74,78,53,-1,-1,-1,-1
292,2,94,85,23,16,-1,-1,-1,-1
292,3,23,84,30,22,-1,-1,-1,-1
293,1,157,74,78,53,-1,-1,-1,-1
293,2,94,85,24,18,-1,-1,-1,-1
293,3,24,84,29,22,-1,-1,-1,-1
294,1,157,75,78,52,-1,-1,-1,-1
294,2,94,85,26,18,-1,-1,-1,-1
294,3,24,84,30,23,-1,-1,-1,-1
295,1,157,75,78,53,-1,-1,-1,-1
295,2,94,85,26,19,-1,-1,-1,-1
295,3,25,84,28,22,-1,-1,-1,-1
296,1,157,75,78,53,-1,-1,-1,-1
296,2,95,85,25,18,-1,-1,-1,-1
296,3,26,84,27,22,-1,-1,-1,-1
297,1,157,75,78,53,-1,-1,-1,-1
297,2,95,84,26,19,-1,-1,-1,-1
297,3,27,85,26,20,-1,-1,-1,-1
298,1,157,74,78,53,-1,-1,-1,-1
298,2,96,85,24,18,-1,-1,-1,-1
298,3,26,85,27,20,-1,-1,-1,-1
299,1,157,74,78,53,-1,-1,-1,-1
299,2,97,85,23,18,-1,-1,-1,-1
299,3,26,85,28,20,-1,-1,-1,-1
300,1,157,74,78,53,-1,-1,-1,-1
300,2,96,85,24,18,-1,-1,-1,-1
300,3,26,85,28,20,-1,-1,-1,-1
301,1,157,74,78,53,-1,-1,-1,-1
301,2,96,85,25,18,-1,-1,-1,-1
301,3,26,85,28,20,-1,-1,-1,-1
302,1,157,74,78,53,-1,-1,-1,-1
302,2,97,85,25,18,-1,-1,-1,-1
302,3,27,85,28,20,-1,-1,-1,-1
303,1,157,73,77,53,-1,-1,-1,-1
303,2,98,84,25,19,-1,-1,-1,-1
303,3,26,84,28,21,-1,-1,-1,-1
304,1,158,74,76,52,-1,-1,-1,-1
304,2,99,85,23,18,-1,-1,-1,-1
304,3,26,84,28,21,-1,-1,-1,-1
305,1,158,74,76,52,-1,-1,-1,-1
305,2,99,85,23,18,-1,-1,-1,-1
305,3,28,84,26,19,-1,-1,-1,-1
306,1,158,74,77,52,-1,-1,-1,-1
306,2,99,85,24,18,-1,-1,-1,-1
306,3,27,83,27,21,-1,-1,-1,-1
307,1,158,74,77,52,-1,-1,-1,-1
307,2,100,86,23,17,-1,-1,-1,-1
307,3,28,84,27,20,-1,-1,-1,-1
308,1,158,74,77,53,-1,-1,-1,-1
308,2,101,87,23,16,-1,-1,-1,-1
308,3,27,84,27,20,-1,-1,-1,-1
309,1,158,74,77,53,-1,-1,-1,-1
309,2,101,87,22,17,-1,-1,-1,-1
309,3,26,84,28,20,-1,-1,-1,-1
310,1,157,75,79,52,-1,-1,-1,-1
310,2,102,88,22,16,-1,-1,-1,-1
310,3,26,84,28,21,-1,-1,-1,-1
311,1,158,75,78,52,-1,-1,-1,-1
311,2,102,87,24,17,-1,-1,-1,-1
311,3,26,84,28,21,-1,-1,-1,-1
312,1,158,74,78,53,-1,-1,-1,-1
312,2,103,87,23,17,-1,-1,-1,-1
312,3,26,84,28,21,-1,-1,-1,-1
313,1,158,74,78,52,-1,-1,-1,-1
313,2,103,87,23,16,-1,-1,-1,-1
313,3,26,84,28,20,-1,-1,-1,-1
314,1,159,74,77,51,-1,-1,-1,-1
314,2,103,86,24,17,-1,-1,-1,-1
314,3,27,84,27,20,-1,-1,-1,-1
315,1,159,73,76,51,-1,-1,-1,-1
315,2,104,85,24,18,-1,-1,-1,-1
315,3,26,83,29,20,-1,-1,-1,-1
316,1,159,73,77,51,-1,-1,-1,-1
316,2,104,85,25,18,-1,-1,-1,-1
316,3,26,83,29,21,-1,-1,-1,-1
317,1,158,73,77,51,-1,-1,-1,-1
317,2,105,85,24,18,-1,-1,-1,-1
317,3,26,83,30,21,-1,-1,-1,-1
318,1,159,73,77,51,-1,-1,-1,-1
318,2,106,85,24,18,-1,-1,-1,-1
318,3,27,84,29,20,-1,-1,-1,-1
319,1,158,74,77,51,-1,-1,-1,-1
319,2,106,86,25,18,-1,-1,-1,-1
319,3,28,84,29,21,-1,-1,-1,-1
320,1,156,74,78,52,-1,-1,-1,-1
320,2,107,86,25,18,-1,-1,-1,-1
320,3,27,85,29,20,-1,-1,-1,-1
321,1,156,74,78,52,-1,-1,-1,-1
321,2,108,86,26,19,-1,-1,-1,-1
321,3,26,85,29,21,-1,-1,-1,-1
322,1,156,75,77,51,-1,-1,-1,-1
322,2,109,87,25,18,-1,-1,-1,-1
322,3,26,86,30,20,-1,-1,-1,-1
323,1,156,75,76,51,-1,-1,-1,-1
323,2,110,87,24,18,-1,-1,-1,-1
323,3,26,86,29,20,-1,-1,-1,-1
324,1,156,76,76,51,-1,-1,-1,-1
324,2,111,88,24,18,-1,-1,-1,-1
324,3,27,86,28,20,-1,-1,-1,-1
325,1,156,76,76,51,-1,-1,-1,-1
325,2,112,88,24,18,-1,-1,-1,-1
325,3,27,86,28,20,-1,-1,-1,-1
326,1,156,77,76,51,-1,-1,-1,-1
326,2,114,89,22,17,-1,-1,-1,-1
326,3,26,87,29,20,-1,-1,-1,-1
327,1,156,77,76,51,-1,-1,-1,-1
327,2,114,89,22,17,-1,-1,-1,-1
327,3,26,87,29,20,-1,-1,-1,-1
328,1,156,77,75,51,-1,-1,-1,-1
328,2,115,90,22,17,-1,-1,-1,-1
328,3,27,87,28,20,-1,-1,-1,-1
329,1,156,77,76,51,-1,-1,-1,-1
329,2,116,90,21,17,-1,-1,-1,-1
329,3,27,87,28,20,-1,-1,-1,-1
330,1,156,77,76,51,-1,-1,-1,-1
330,2,117,90,21,17,-1,-1,-1,-1
330,3,27,86,28,20,-1,-1,-1,-1
331,1,156,76,75,51,-1,-1,-1,-1
331,2,117,90,22,17,-1,-1,-1,-1
331,3,27,86,28,20,-1,-1,-1,-1
332,1,156,76,75,51,-1,-1,-1,-1
332,2,118,90,22,17,-1,-1,-1,-1
332,3,27,86,28,20,-1,-1,-1,-1
333,1,156,76,75,51,-1,-1,-1,-1
333,2,118,89,23,18,-1,-1,-1,-1
333,3,27,86,28,20,-1,-1,-1,-1
333,17,220,82,24,31,-1,-1,-1,-1
334,1,156,76,74,50,-1,-1,-1,-1
334,2,119,89,23,17,-1,-1,-1,-1
334,3,27,86,28,20,-1,-1,-1,-1
334,17,220,82,23,31,-1,-1,-1,-1
335,1,156,76,74,50,-1,-1,-1,-1
335,2,120,89,22,17,-1,-1,-1,-1
335,3,27,86,28,20,-1,-1,-1,-1
335,17,220,82,24,31,-1,-1,-1,-1
336,1,156,75,74,50,-1,-1,-1,-1
336,2,121,89,22,17,-1,-1,-1,-1
336,3,27,86,29,20,-1,-1,-1,-1
336,17,220,82,24,31,-1,-1,-1,-1
337,1,156,75,74,50,-1,-1,-1,-1
337,2,122,90,22,16,-1,-1,-1,-1
337,3,27,85,29,21,-1,-1,-1,-1
337,17,220,82,24,31,-1,-1,-1,-1
338,1,156,75,74,50,-1,-1,-1,-1
338,2,123,90,22,17,-1,-1,-1,-1
338,3,28,86,28,20,-1,-1,-1,-1
338,17,220,82,25,32,-1,-1,-1,-1
339,1,155,75,74,50,-1,-1,-1,-1
339,2,124,90,22,17,-1,-1,-1,-1
339,3,28,86,27,21,-1,-1,-1,-1
339,17,220,83,25,31,-1,-1,-1,-1
340,1,155,76,74,50,-1,-1,-1,-1
340,2,125,90,23,18,-1,-1,-1,-1
340,3,29,86,27,21,-1,-1,-1,-1
340,17,220,83,26,32,-1,-1,-1,-1
341,1,156,76,73,50,-1,-1,-1,-1
341,2,126,90,23,18,-1,-1,-1,-1
341,3,30,87,26,18,-1,-1,-1,-1
341,17,220,82,26,33,-1,-1,-1,-1
342,1,156,76,72,50,-1,-1,-1,-1
342,2,127,91,23,17,-1,-1,-1,-1
342,3,29,87,27,19,-1,-1,-1,-1
342,17,219,82,28,33,-1,-1,-1,-1
343,1,155,77,73,49,-1,-1,-1,-1
343,2,128,91,23,17,-1,-1,-1,-1
343,3,29,87,26,19,-1,-1,-1,-1
343,17,219,82,28,33,-1,-1,-1,-1
344,1,155,77,73,49,-1,-1,-1,-1
344,2,128,91,24,18,-1,-1,-1,-1
344,3,30,87,25,19,-1,-1,-1,-1
344,17,219,82,28,33,-1,-1,-1,-1
345,1,156,78,71,48,-1,-1,-1,-1
345,2,129,92,24,17,-1,-1,-1,-1
345,3,30,88,25,18,-1,-1,-1,-1
345,17,219,83,29,32,-1,-1,-1,-1
346,1,156,78,71,49,-1,-1,-1,-1
346,2,130,91,24,18,-1,-1,-1,-1
346,3,29,87,26,19,-1,-1,-1,-1
346,17,220,83,29,32,-1,-1,-1,-1
347,1,154,78,73,49,-1,-1,-1,-1
347,2,132,91,24,18,-1,-1,-1,-1
347,3,29,87,26,19,-1,-1,-1,-1
347,17,220,83,29,32,-1,-1,-1,-1
348,1,155,78,72,49,-1,-1,-1,-1
348,2,134,91,23,18,-1,-1,-1,-1
348,3,29,87,25,18,-1,-1,-1,-1
348,17,220,83,30,32,-1,-1,-1,-1
349,1,154,78,73,49,-1,-1,-1,-1
349,2,134,91,24,18,-1,-1,-1,-1
349,3,29,88,26,18,-1,-1,-1,-1
349,17,221,83,30,33,-1,-1,-1,-1
350,1,154,78,73,49,-1,-1,-1,-1
350,2,136,91,23,18,-1,-1,-1,-1
350,3,28,88,28,19,-1,-1,-1,-1
350,17,220,83,31,33,-1,-1,-1,-1
351,1,153,78,74,49,-1,-1,-1,-1
351,2,137,91,23,18,-1,-1,-1,-1
351,3,29,88,27,19,-1,-1,-1,-1
351,17,221,83,31,33,-1,-1,-1,-1
352,1,153,78,73,50,-1,-1,-1,-1
352,2,138,92,23,17,-1,-1,-1,-1
352,3,29,88,27,19,-1,-1,-1,-1
352,17,220,83,32,33,-1,-1,-1,-1
353,1,153,78,73,49,-1,-1,-1,-1
353,2,139,91,23,18,-1,-1,-1,-1
353,3,29,87,27,20,-1,-1,-1,-1
353,17,221,83,32,33,-1,-1,-1,-1
354,1,154,78,72,49,-1,-1,-1,-1
354,2,140,91,23,18,-1,-1,-1,-1
354,3,29,87,27,20,-1,-1,-1,-1
354,17,221,83,33,33,-1,-1,-1,-1
355,1,153,78,72,49,-1,-1,-1,-1
355,2,140,91,23,18,-1,-1,-1,-1
355,3,29,87,27,20,-1,-1,-1,-1
355,17,220,83,35,33,-1,-1,-1,-1
356,1,153,78,72,49,-1,-1,-1,-1
356,2,141,91,23,18,-1,-1,-1,-1
356,3,30,87,27,20,-1,-1,-1,-1
356,17,222,83,34,34,-1,-1,-1,-1
357,1,153,78,71,48,-1,-1,-1,-1
357,3,30,87,27,20,-1,-1,-1,-1
357,17,222,83,35,34,-1,-1,-1,-1
358,1,153,78,71,48,-1,-1,-1,-1
358,3,31,87,26,20,-1,-1,-1,-1
358,17,221,83,36,34,-1,-1,-1,-1
359,1,153,78,71,48,-1,-1,-1,-1
359,3,31,88,25,19,-1,-1,-1,-1
359,17,221,83,36,34,-1,-1,-1,-1
360,1,152,78,71,48,-1,-1,-1,-1
360,3,31,87,27,20,-1,-1,-1,-1
360,17,221,83,37,33,-1,-1,-1,-1
361,1,152,77,71,48,-1,-1,-1,-1
361,3,31,86,27,20,-1,-1,-1,-1
361,17,222,82,37,34,-1,-1,-1,-1
362,1,152,77,72,48,-1,-1,-1,-1
362,3,32,86,27,20,-1,-1,-1,-1
362,17,222,82,39,34,-1,-1,-1,-1
363,1,152,76,71,48,-1,-1,-1,-1
363,3,32,85,26,21,-1,-1,-1,-1
363,17,223,81,39,35,-1,-1,-1,-1
364,1,152,76,72,48,-1,-1,-1,-1
364,3,32,85,27,21,-1,-1,-1,-1
364,17,223,82,40,34,-1,-1,-1,-1
365,1,152,76,71,48,-1,-1,-1,-1
365,3,33,85,26,21,-1,-1,-1,-1
365,17,224,82,40,34,-1,-1,-1,-1
366,1,151,76,71,48,-1,-1,-1,-1
366,3,34,85,26,21,-1,-1,-1,-1
366,17,224,82,41,34,-1,-1,-1,-1
367,1,151,76,71,48,-1,-1,-1,-1
367,3,35,85,24,19,-1,-1,-1,-1
367,17,223,82,44,36,-1,-1,-1,-1
368,1,151,76,71,48,-1,-1,-1,-1
368,3,36,85,23,18,-1,-1,-1,-1
368,17,223,82,44,36,-1,-1,-1,-1
369,1,150,76,71,48,-1,-1,-1,-1
369,3,36,85,23,18,-1,-1,-1,-1
369,17,224,82,44,36,-1,-1,-1,-1
370,1,150,76,71,47,-1,-1,-1,-1
370,3,37,85,22,18,-1,-1,-1,-1
370,17,224,82,45,36,-1,-1,-1,-1
371,1,150,76,71,47,-1,-1,-1,-1
371,3,38,85,22,17,-1,-1,-1,-1
371,17,224,82,47,36,-1,-1,-1,-1
372,1,150,76,71,47,-1,-1,-1,-1
372,3,39,85,22,17,-1,-1,-1,-1
372,17,225,82,46,35,-1,-1,-1,-1
373,1,150,76,71,47,-1,-1,-1,-1
373,3,39,85,23,18,-1,-1,-1,-1
373,17,226,82,48,35,-1,-1,-1,-1
374,1,149,76,72,47,-1,-1,-1,-1
374,3,39,85,24,18,-1,-1,-1,-1
374,17,226,82,49,35,-1,-1,-1,-1
375,1,149,76,71,47,-1,-1,-1,-1
375,3,42,85,18,14,-1,-1,-1,-1
375,17,228,82,48,36,-1,-1,-1,-1
376,1,149,76,70,47,-1,-1,-1,-1
376,3,40,85,23,18,-1,-1,-1,-1
376,17,228,82,50,36,-1,-1,-1,-1
377,1,149,76,70,47,-1,-1,-1,-1
377,3,39,85,25,18,-1,-1,-1,-1
377,17,230,82,49,36,-1,-1,-1,-1
378,1,149,75,70,47,-1,-1,-1,-1
378,3,40,85,25,18,-1,-1,-1,-1
378,17,231,82,50,36,-1,-1,-1,-1
379,1,149,75,69,47,-1,-1,-1,-1
379,3,40,85,25,19,-1,-1,-1,-1
379,17,232,81,51,36,-1,-1,-1,-1
380,1,149,75,69,47,-1,-1,-1,-1
380,3,41,85,25,19,-1,-1,-1,-1
380,17,233,81,52,36,-1,-1,-1,-1
381,1,148,75,70,47,-1,-1,-1,-1
381,3,42,85,25,19,-1,-1,-1,-1
381,17,235,81,51,36,-1,-1,-1,-1
382,1,148,75,70,47,-1,-1,-1,-1
382,3,42,84,26,20,-1,-1,-1,-1
382,17,236,81,52,36,-1,-1,-1,-1
383,1,148,75,69,47,-1,-1,-1,-1
383,3,42,84,27,20,-1,-1,-1,-1
383,17,237,82,52,36,-1,-1,-1,-1
384,1,147,75,70,47,-1,-1,-1,-1
384,3,44,84,25,20,-1,-1,-1,-1
384,17,239,82,52,36,-1,-1,-1,-1
385,1,147,75,70,48,-1,-1,-1,-1
385,3,44,84,26,20,-1,-1,-1,-1
385,17,240,82,53,37,-1,-1,-1,-1
386,1,147,75,70,48,-1,-1,-1,-1
386,3,45,84,26,20,-1,-1,-1,-1
386,17,242,83,53,36,-1,-1,-1,-1
386,20,215,91,11,20,-1,-1,-1,-1
387,1,147,75,69,47,-1,-1,-1,-1
387,3,46,83,25,21,-1,-1,-1,-1
387,17,243,83,53,36,-1,-1,-1,-1
387,20,216,91,11,19,-1,-1,-1,-1
388,1,147,75,69,47,-1,-1,-1,-1
388,2,212,92,23,19,-1,-1,-1,-1
388,3,47,83,25,20,-1,-1,-1,-1
388,17,245,83,54,36,-1,-1,-1,-1
388,20,216,91,12,19,-1,-1,-1,-1
389,1,147,74,69,47,-1,-1,-1,-1
389,2,214,91,23,19,-1,-1,-1,-1
389,3,48,83,25,20,-1,-1,-1,-1
389,17,247,83,54,36,-1,-1,-1,-1
390,1,147,74,69,47,-1,-1,-1,-1
390,2,215,91,24,19,-1,-1,-1,-1
390,3,49,83,24,20,-1,-1,-1,-1
390,17,249,82,54,36,-1,-1,-1,-1
391,1,148,75,67,46,-1,-1,-1,-1
391,2,218,91,24,19,-1,-1,-1,-1
391,3,50,83,24,19,-1,-1,-1,-1
391,17,250,82,55,36,-1,-1,-1,-1
392,1,148,75,66,46,-1,-1,-1,-1
392,2,221,91,24,18,-1,-1,-1,-1
392,3,50,83,25,19,-1,-1,-1,-1
392,17,252,82,55,36,-1,-1,-1,-1
393,1,148,75,67,46,-1,-1,-1,-1
393,2,224,91,24,18,-1,-1,-1,-1
393,3,52,83,25,19,-1,-1,-1,-1
393,17,254,81,56,37,-1,-1,-1,-1
394,1,149,75,66,46,-1,-1,-1,-1
394,2,227,91,25,19,-1,-1,-1,-1
394,3,53,82,25,20,-1,-1,-1,-1
394,17,256,81,57,38,-1,-1,-1,-1
395,1,148,76,66,45,-1,-1,-1,-1
395,2,230,91,25,20,-1,-1,-1,-1
395,3,54,83,24,20,-1,-1,-1,-1
395,17,257,81,58,39,-1,-1,-1,-1
396,1,148,77,67,46,-1,-1,-1,-1
396,2,233,93,26,20,-1,-1,-1,-1
396,3,55,84,24,20,-1,-1,-1,-1
396,17,259,83,59,39,-1,-1,-1,-1
397,1,148,79,67,47,-1,-1,-1,-1
397,2,236,95,26,20,-1,-1,-1,-1
397,3,56,86,24,20,-1,-1,-1,-1
397,17,261,85,58,39,-1,-1,-1,-1
398,1,149,80,66,46,-1,-1,-1,-1
398,2,240,97,25,19,-1,-1,-1,-1
398,3,57,87,24,19,-1,-1,-1,-1
398,17,263,87,56,38,-1,-1,-1,-1
399,1,149,82,65,45,-1,-1,-1,-1
399,2,242,98,26,19,-1,-1,-1,-1
399,3,58,88,23,19,-1,-1,-1,-1
399,17,264,88,55,38,-1,-1,-1,-1
400,1,149,82,66,46,-1,-1,-1,-1
400,2,245,98,26,20,-1,-1,-1,-1
400,3,61,89,18,14,-1,-1,-1,-1
400,17,266,88,53,38,-1,-1,-1,-1
401,1,149,82,66,46,-1,-1,-1,-1
401,2,249,99,25,18,-1,-1,-1,-1
401,3,60,89,22,17,-1,-1,-1,-1
401,17,267,88,52,39,-1,-1,-1,-1
402,1,150,81,65,46,-1,-1,-1,-1
402,2,254,98,25,19,-1,-1,-1,-1
402,3,60,87,24,19,-1,-1,-1,-1
402,17,269,88,50,39,-1,-1,-1,-1
403,1,150,81,65,45,-1,-1,-1,-1
403,2,257,97,25,18,-1,-1,-1,-1
403,3,61,86,24,20,-1,-1,-1,-1
403,17,271,87,48,39,-1,-1,-1,-1
404,1,150,81,64,45,-1,-1,-1,-1
404,2,260,97,25,19,-1,-1,-1,-1
404,3,62,86,24,20,-1,-1,-1,-1
404,17,273,87,46,39,-1,-1,-1,-1
405,1,150,81,64,45,-1,-1,-1,-1
405,2,264,97,25,19,-1,-1,-1,-1
405,3,64,86,24,19,-1,-1,-1,-1
405,17,275,87,44,38,-1,-1,-1,-1
406,1,151,81,64,45,-1,-1,-1,-1
406,2,268,97,25,20,-1,-1,-1,-1
406,3,65,86,24,20,-1,-1,-1,-1
406,17,277,87,42,38,-1,-1,-1,-1
407,1,151,82,64,45,-1,-1,-1,-1
407,2,271,98,25,20,-1,-1,-1,-1
407,3,66,87,24,19,-1,-1,-1,-1
407,17,279,88,40,39,-1,-1,-1,-1
408,1,152,82,64,45,-1,-1,-1,-1
408,2,275,99,25,20,-1,-1,-1,-1
408,3,66,87,25,20,-1,-1,-1,-1
408,17,282,88,37,39,-1,-1,-1,-1
409,1,152,83,65,45,-1,-1,-1,-1
409,2,280,100,24,20,-1,-1,-1,-1
409,3,68,88,23,19,-1,-1,-1,-1
409,17,285,91,34,38,-1,-1,-1,-1
410,1,153,84,64,45,-1,-1,-1,-1
410,2,284,101,24,20,-1,-1,-1,-1
410,3,69,88,23,20,-1,-1,-1,-1
410,17,287,91,32,39,-1,-1,-1,-1
411,1,153,84,64,45,-1,-1,-1,-1
411,2,288,101,24,20,-1,-1,-1,-1
411,3,70,88,24,20,-1,-1,-1,-1
411,17,290,92,29,38,-1,-1,-1,-1
412,1,153,84,64,45,-1,-1,-1,-1
412,2,293,101,23,19,-1,-1,-1,-1
412,3,71,88,24,20,-1,-1,-1,-1
412,17,292,92,27,38,-1,-1,-1,-1
413,1,153,82,65,46,-1,-1,-1,-1
413,2,297,101,22,24,-1,-1,-1,-1
413,3,72,87,24,19,-1,-1,-1,-1
414,1,154,81,64,46,-1,-1,-1,-1
414,2,300,99,19,24,-1,-1,-1,-1
414,3,73,86,24,19,-1,-1,-1,-1
415,1,155,81,63,44,-1,-1,-1,-1
415,2,302,98,17,26,-1,-1,-1,-1
415,3,75,86,22,18,-1,-1,-1,-1
416,1,156,80,63,45,-1,-1,-1,-1
416,2,306,98,13,26,-1,-1,-1,-1
416,3,76,85,23,19,-1,-1,-1,-1
417,1,156,80,63,45,-1,-1,-1,-1
417,3,78,85,22,18,-1,-1,-1,-1
418,1,157,79,62,45,-1,-1,-1,-1
418,3,79,85,22,18,-1,-1,-1,-1
419,1,158,79,62,45,-1,-1,-1,-1
419,3,80,85,22,18,-1,-1,-1,-1
420,1,158,79,63,45,-1,-1,-1,-1
420,3,81,85,23,18,-1,-1,-1,-1
421,1,159,79,62,45,-1,-1,-1,-1
421,3,82,85,22,18,-1,-1,-1,-1
422,1,160,80,62,45,-1,-1,-1,-1
422,3,83,85,23,18,-1,-1,-1,-1
423,1,160,80,62,45,-1,-1,-1,-1
423,3,84,85,22,18,-1,-1,-1,-1
424,1,160,80,62,45,-1,-1,-1,-1
424,3,85,85,22,18,-1,-1,-1,-1
425,1,161,80,61,44,-1,-1,-1,-1
425,3,85,85,24,19,-1,-1,-1,-1
426,1,162,80,61,44,-1,-1,-1,-1
426,3,87,85,23,19,-1,-1,-1,-1
427,1,162,81,61,43,-1,-1,-1,-1
427,3,88,85,23,19,-1,-1,-1,-1
428,1,163,81,60,43,-1,-1,-1,-1
428,3,88,85,23,19,-1,-1,-1,-1
429,1,163,81,60,43,-1,-1,-1,-1
429,3,90,86,22,18,-1,-1,-1,-1
430,1,163,81,60,43,-1,-1,-1,-1
430,3,90,86,22,18,-1,-1,-1,-1
431,1,164,81,59,43,-1,-1,-1,-1
431,3,90,86,24,18,-1,-1,-1,-1
432,1,164,81,60,43,-1,-1,-1,-1
432,3,91,86,23,18,-1,-1,-1,-1
433,1,164,81,60,43,-1,-1,-1,-1
433,3,92,86,23,18,-1,-1,-1,-1
434,1,165,81,59,43,-1,-1,-1,-1
434,3,94,86,21,18,-1,-1,-1,-1
435,1,165,82,60,42,-1,-1,-1,-1
435,3,95,86,21,18,-1,-1,-1,-1
436,1,165,81,60,43,-1,-1,-1,-1
436,3,95,86,23,17,-1,-1,-1,-1
437,1,165,81,60,43,-1,-1,-1,-1
437,3,95,86,23,17,-1,-1,-1,-1
438,1,166,81,59,43,-1,-1,-1,-1
438,3,96,86,22,17,-1,-1,-1,-1
439,1,166,80,59,44,-1,-1,-1,-1
439,3,97,85,22,18,-1,-1,-1,-1
440,1,166,80,60,44,-1,-1,-1,-1
440,3,97,85,23,18,-1,-1,-1,-1
441,1,167,80,59,43,-1,-1,-1,-1
441,3,98,85,22,18,-1,-1,-1,-1
442,1,168,79,59,44,-1,-1,-1,-1
442,3,98,85,23,18,-1,-1,-1,-1
443,1,168,79,59,43,-1,-1,-1,-1
443,3,99,84,22,18,-1,-1,-1,-1
444,1,168,79,58,43,-1,-1,-1,-1
444,3,99,84,23,18,-1,-1,-1,-1
445,1,168,79,58,43,-1,-1,-1,-1
445,3,100,84,22,18,-1,-1,-1,-1
446,1,168,78,58,43,-1,-1,-1,-1
446,3,100,84,23,18,-1,-1,-1,-1
447,1,168,78,58,43,-1,-1,-1,-1
447,3,101,84,22,19,-1,-1,-1,-1
448,1,169,79,57,42,-1,-1,-1,-1
448,3,101,84,22,19,-1,-1,-1,-1
449,1,169,79,57,43,-1,-1,-1,-1
449,3,102,84,22,19,-1,-1,-1,-1
450,1,169,80,57,42,-1,-1,-1,-1
450,3,102,84,23,19,-1,-1,-1,-1
451,1,169,80,57,42,-1,-1,-1,-1
451,3,103,85,22,18,-1,-1,-1,-1
452,1,169,80,57,42,-1,-1,-1,-1
452,3,103,85,22,19,-1,-1,-1,-1
453,1,169,81,57,42,-1,-1,-1,-1
453,3,103,85,22,19,-1,-1,-1,-1
454,1,169,81,56,42,-1,-1,-1,-1
454,3,104,86,21,19,-1,-1,-1,-1
455,1,168,81,57,42,-1,-1,-1,-1
455,3,104,86,22,19,-1,-1,-1,-1
456,1,168,81,58,42,-1,-1,-1,-1
456,3,104,86,22,19,-1,-1,-1,-1
457,1,169,81,57,42,-1,-1,-1,-1
457,3,104,86,22,19,-1,-1,-1,-1
458,1,169,81,57,42,-1,-1,-1,-1
458,3,105,87,21,18,-1,-1,-1,-1
459,1,169,82,57,42,-1,-1,-1,-1
459,3,105,87,22,19,-1,-1,-1,-1
460,1,169,82,57,42,-1,-1,-1,-1
460,3,106,87,21,18,-1,-1,-1,-1
461,1,169,82,56,42,-1,-1,-1,-1
461,3,106,87,20,18,-1,-1,-1,-1
462,1,169,82,56,42,-1,-1,-1,-1
462,3,106,88,20,17,-1,-1,-1,-1
463,1,169,81,56,41,-1,-1,-1,-1
463,3,107,87,20,17,-1,-1,-1,-1
464,1,169,81,55,41,-1,-1,-1,-1
464,3,107,87,20,17,-1,-1,-1,-1
465,1,169,80,55,41,-1,-1,-1,-1
465,3,106,86,21,18,-1,-1,-1,-1
466,1,169,80,55,40,-1,-1,-1,-1
466,3,106,86,21,17,-1,-1,-1,-1
467,1,169,79,55,41,-1,-1,-1,-1
467,3,106,86,21,17,-1,-1,-1,-1
468,1,169,79,55,40,-1,-1,-1,-1
468,3,106,85,21,17,-1,-1,-1,-1
469,1,169,79,55,40,-1,-1,-1,-1
469,3,106,85,21,17,-1,-1,-1,-1
470,1,168,78,56,41,-1,-1,-1,-1
470,3,106,85,21,18,-1,-1,-1,-1
471,1,169,79,54,40,-1,-1,-1,-1
471,3,106,85,21,18,-1,-1,-1,-1
472,1,168,79,55,40,-1,-1,-1,-1
472,3,106,85,21,18,-1,-1,-1,-1
473,1,168,79,55,40,-1,-1,-1,-1
473,3,105,85,22,18,-1,-1,-1,-1
474,1,167,78,56,41,-1,-1,-1,-1
474,3,105,85,22,18,-1,-1,-1,-1
475,1,168,79,54,40,-1,-1,-1,-1
475,3,105,86,22,18,-1,-1,-1,-1
476,1,168,80,54,40,-1,-1,-1,-1
476,3,105,87,22,18,-1,-1,-1,-1
477,1,168,80,54,40,-1,-1,-1,-1
477,3,105,87,21,18,-1,-1,-1,-1
478,1,167,80,55,41,-1,-1,-1,-1
478,3,105,88,22,18,-1,-1,-1,-1
479,1,166,81,55,40,-1,-1,-1,-1
479,3,105,88,21,18,-1,-1,-1,-1
480,1,166,81,55,41,-1,-1,-1,-1
480,3,105,88,21,18,-1,-1,-1,-1
481,1,166,81,55,41,-1,-1,-1,-1
481,3,105,88,22,18,-1,-1,-1,-1
482,1,166,82,54,39,-1,-1,-1,-1
482,3,106,88,20,17,-1,-1,-1,-1
483,1,166,82,54,39,-1,-1,-1,-1
483,3,106,88,20,17,-1,-1,-1,-1
484,1,166,82,54,39,-1,-1,-1,-1
484,3,106,88,20,17,-1,-1,-1,-1
485,1,166,82,53,39,-1,-1,-1,-1
485,3,106,88,20,17,-1,-1,-1,-1
486,1,166,81,54,40,-1,-1,-1,-1
486,3,106,88,20,17,-1,-1,-1,-1
487,1,166,81,53,40,-1,-1,-1,-1
487,3,106,88,20,16,-1,-1,-1,-1
488,1,166,81,53,39,-1,-1,-1,-1
488,3,105,88,21,17,-1,-1,-1,-1
489,1,165,82,54,39,-1,-1,-1,-1
489,3,105,88,21,17,-1,-1,-1,-1
490,1,165,82,53,39,-1,-1,-1,-1
490,3,105,88,20,17,-1,-1,-1,-1
491,1,165,82,52,39,-1,-1,-1,-1
491,3,105,89,20,17,-1,-1,-1,-1
492,1,165,82,52,39,-1,-1,-1,-1
492,3,105,89,20,17,-1,-1,-1,-1
493,1,164,82,53,38,-1,-1,-1,-1
493,3,104,89,21,17,-1,-1,-1,-1
494,1,164,82,53,38,-1,-1,-1,-1
494,3,104,89,21,17,-1,-1,-1,-1
495,1,164,81,53,39,-1,-1,-1,-1
495,3,103,88,22,18,-1,-1,-1,-1
496,1,164,80,53,39,-1,-1,-1,-1
496,3,103,88,21,17,-1,-1,-1,-1
497,1,164,80,52,39,-1,-1,-1,-1
497,3,103,87,21,17,-1,-1,-1,-1
498,1,163,79,53,39,-1,-1,-1,-1
498,3,103,86,22,18,-1,-1,-1,-1
499,1,163,79,53,39,-1,-1,-1,-1
499,3,103,86,21,17,-1,-1,-1,-1
500,1,163,78,52,39,-1,-1,-1,-1
500,3,102,86,22,18,-1,-1,-1,-1
501,1,162,78,53,40,-1,-1,-1,-1
501,3,103,86,20,18,-1,-1,-1,-1
502,1,161,79,54,41,-1,-1,-1,-1
502,3,102,87,21,18,-1,-1,-1,-1
503,1,160,79,54,41,-1,-1,-1,-1
503,3,101,87,22,18,-1,-1,-1,-1
504,1,160,80,54,41,-1,-1,-1,-1
504,3,101,87,22,18,-1,-1,-1,-1
505,1,160,80,53,41,-1,-1,-1,-1
505,3,101,87,21,19,-1,-1,-1,-1
506,1,160,80,53,42,-1,-1,-1,-1
506,3,100,87,22,19,-1,-1,-1,-1
507,1,159,81,54,41,-1,-1,-1,-1
507,3,101,88,20,17,-1,-1,-1,-1
508,1,159,81,53,41,-1,-1,-1,-1
508,3,101,88,20,17,-1,-1,-1,-1
509,1,159,81,52,40,-1,-1,-1,-1
509,3,100,88,21,17,-1,-1,-1,-1
510,1,159,81,52,40,-1,-1,-1,-1
510,3,100,88,21,17,-1,-1,-1,-1
511,1,159,81,52,40,-1,-1,-1,-1
511,3,101,88,19,17,-1,-1,-1,-1
512,1,159,81,51,40,-1,-1,-1,-1
512,3,100,88,20,17,-1,-1,-1,-1
513,1,159,81,51,40,-1,-1,-1,-1
513,3,99,88,21,17,-1,-1,-1,-1
514,1,159,81,51,40,-1,-1,-1,-1
514,3,100,88,20,17,-1,-1,-1,-1
515,1,158,80,51,40,-1,-1,-1,-1
515,3,99,87,21,18,-1,-1,-1,-1
516,1,158,79,51,40,-1,-1,-1,-1
516,3,99,85,22,19,-1,-1,-1,-1
517,1,158,79,51,40,-1,-1,-1,-1
517,3,99,85,22,19,-1,-1,-1,-1
518,1,158,78,52,41,-1,-1,-1,-1
518,3,99,85,22,18,-1,-1,-1,-1
519,1,158,78,51,39,-1,-1,-1,-1
519,3,100,85,21,18,-1,-1,-1,-1
520,1,158,77,51,40,-1,-1,-1,-1
520,3,100,85,21,18,-1,-1,-1,-1
521,1,159,77,51,40,-1,-1,-1,-1
521,3,101,85,20,18,-1,-1,-1,-1
522,1,159,77,51,40,-1,-1,-1,-1
522,3,101,85,20,18,-1,-1,-1,-1
523,1,159,77,50,39,-1,-1,-1,-1
523,3,101,85,21,17,-1,-1,-1,-1
524,1,160,77,49,39,-1,-1,-1,-1
524,3,102,85,20,17,-1,-1,-1,-1
525,1,160,77,50,39,-1,-1,-1,-1
525,3,103,85,19,16,-1,-1,-1,-1
526,1,160,77,50,39,-1,-1,-1,-1
526,3,103,85,19,16,-1,-1,-1,-1
527,1,159,77,52,40,-1,-1,-1,-1
527,3,103,84,19,16,-1,-1,-1,-1
528,1,159,76,52,41,-1,-1,-1,-1
528,3,103,84,20,16,-1,-1,-1,-1
529,1,159,76,53,42,-1,-1,-1,-1
529,3,103,83,20,17,-1,-1,-1,-1
530,1,160,77,51,41,-1,-1,-1,-1
530,3,103,84,20,16,-1,-1,-1,-1
531,1,161,78,49,38,-1,-1,-1,-1
531,3,104,84,20,16,-1,-1,-1,-1
532,1,162,78,49,39,-1,-1,-1,-1
532,3,104,84,20,17,-1,-1,-1,-1
533,1,162,78,49,39,-1,-1,-1,-1
533,3,104,84,20,17,-1,-1,-1,-1
534,1,162,79,49,38,-1,-1,-1,-1
534,3,104,85,21,17,-1,-1,-1,-1
535,1,162,79,50,39,-1,-1,-1,-1
535,3,105,85,20,17,-1,-1,-1,-1
536,1,162,79,50,39,-1,-1,-1,-1
536,3,105,85,21,17,-1,-1,-1,-1
537,1,162,79,51,40,-1,-1,-1,-1
537,3,105,86,21,17,-1,-1,-1,-1
538,1,163,79,49,38,-1,-1,-1,-1
538,3,105,85,21,17,-1,-1,-1,-1
539,1,164,78,49,39,-1,-1,-1,-1
539,3,105,85,22,17,-1,-1,-1,-1
540,1,163,76,51,40,-1,-1,-1,-1
540,3,105,84,22,18,-1,-1,-1,-1
541,1,164,76,50,40,-1,-1,-1,-1
541,3,105,84,22,18,-1,-1,-1,-1
542,1,165,77,49,38,-1,-1,-1,-1
542,3,106,83,22,19,-1,-1,-1,-1
543,1,166,76,49,39,-1,-1,-1,-1
543,3,106,83,22,18,-1,-1,-1,-1
544,1,166,77,48,38,-1,-1,-1,-1
544,3,107,83,21,18,-1,-1,-1,-1
545,1,166,78,48,37,-1,-1,-1,-1
545,3,107,83,22,18,-1,-1,-1,-1
546,1,166,78,48,38,-1,-1,-1,-1
546,3,107,84,22,18,-1,-1,-1,-1
547,1,167,78,47,38,-1,-1,-1,-1
547,3,108,84,21,18,-1,-1,-1,-1
548,1,166,78,49,38,-1,-1,-1,-1
548,3,108,84,22,18,-1,-1,-1,-1
549,1,166,78,49,38,-1,-1,-1,-1
549,3,108,84,22,19,-1,-1,-1,-1
550,1,167,78,48,38,-1,-1,-1,-1
550,3,109,85,21,17,-1,-1,-1,-1
551,1,167,79,48,37,-1,-1,-1,-1
551,3,109,85,22,17,-1,-1,-1,-1
552,1,167,79,49,38,-1,-1,-1,-1
552,3,109,84,22,18,-1,-1,-1,-1
553,1,167,79,50,39,-1,-1,-1,-1
553,3,110,85,20,17,-1,-1,-1,-1
554,1,167,79,50,38,-1,-1,-1,-1
554,3,110,85,20,17,-1,-1,-1,-1
555,1,168,79,49,38,-1,-1,-1,-1
555,3,111,85,20,16,-1,-1,-1,-1
556,1,168,79,48,38,-1,-1,-1,-1
556,3,111,85,20,16,-1,-1,-1,-1
557,1,168,79,48,37,-1,-1,-1,-1
557,3,111,85,20,16,-1,-1,-1,-1
558,1,168,79,49,37,-1,-1,-1,-1
558,3,111,85,20,16,-1,-1,-1,-1
559,1,168,79,49,37,-1,-1,-1,-1
559,3,111,85,20,16,-1,-1,-1,-1
560,1,169,79,48,37,-1,-1,-1,-1
560,3,111,85,20,16,-1,-1,-1,-1
561,1,169,79,48,37,-1,-1,-1,-1
561,3,111,85,20,16,-1,-1,-1,-1
562,1,168,79,50,38,-1,-1,-1,-1
562,3,111,85,21,16,-1,-1,-1,-1
563,1,168,79,49,38,-1,-1,-1,-1
563,3,111,84,21,17,-1,-1,-1,-1
564,1,168,78,49,38,-1,-1,-1,-1
564,3,111,84,21,17,-1,-1,-1,-1
565,1,169,78,48,38,-1,-1,-1,-1
565,3,110,83,22,18,-1,-1,-1,-1
566,1,169,78,48,37,-1,-1,-1,-1
566,3,111,83,20,17,-1,-1,-1,-1
567,1,169,77,48,38,-1,-1,-1,-1
567,3,111,83,20,17,-1,-1,-1,-1
568,1,169,77,48,37,-1,-1,-1,-1
568,3,111,83,20,17,-1,-1,-1,-1
569,1,170,77,48,37,-1,-1,-1,-1
569,3,110,83,21,17,-1,-1,-1,-1
570,1,170,78,47,36,-1,-1,-1,-1
570,3,110,84,20,16,-1,-1,-1,-1
571,1,169,78,49,38,-1,-1,-1,-1
571,3,110,85,20,16,-1,-1,-1,-1
572,1,169,78,48,38,-1,-1,-1,-1
572,3,110,85,20,16,-1,-1,-1,-1
573,1,168,78,49,38,-1,-1,-1,-1
573,3,110,84,21,17,-1,-1,-1,-1
574,1,168,78,48,38,-1,-1,-1,-1
574,3,110,84,20,17,-1,-1,-1,-1
575,1,168,78,49,38,-1,-1,-1,-1
575,3,110,84,20,16,-1,-1,-1,-1
576,1,168,78,48,38,-1,-1,-1,-1
576,3,110,84,21,16,-1,-1,-1,-1
577,1,169,78,47,37,-1,-1,-1,-1
577,3,110,84,21,16,-1,-1,-1,-1
578,1,168,78,48,37,-1,-1,-1,-1
578,3,110,84,20,16,-1,-1,-1,-1
579,1,168,78,47,37,-1,-1,-1,-1
579,3,109,84,21,17,-1,-1,-1,-1
580,1,168,78,48,38,-1,-1,-1,-1
580,3,109,85,21,17,-1,-1,-1,-1
581,1,168,79,48,37,-1,-1,-1,-1
581,3,108,85,22,18,-1,-1,-1,-1
582,1,168,79,47,38,-1,-1,-1,-1
582,3,109,86,21,17,-1,-1,-1,-1
583,1,168,80,47,37,-1,-1,-1,-1
583,3,109,86,21,17,-1,-1,-1,-1
584,1,169,80,48,37,-1,-1,-1,-1
584,3,109,86,21,18,-1,-1,-1,-1
585,1,168,79,48,37,-1,-1,-1,-1
585,3,109,86,21,17,-1,-1,-1,-1
586,1,169,79,48,37,-1,-1,-1,-1
586,3,109,86,20,17,-1,-1,-1,-1
587,1,169,79,47,37,-1,-1,-1,-1
587,3,109,86,21,17,-1,-1,-1,-1
588,1,170,79,47,37,-1,-1,-1,-1
588,3,109,86,21,17,-1,-1,-1,-1
589,1,171,78,46,37,-1,-1,-1,-1
589,3,109,86,21,17,-1,-1,-1,-1
590,1,169,78,48,38,-1,-1,-1,-1
590,3,109,86,21,17,-1,-1,-1,-1
591,1,168,78,48,38,-1,-1,-1,-1
591,3,108,86,21,17,-1,-1,-1,-1
592,1,168,78,48,38,-1,-1,-1,-1
592,3,108,86,21,17,-1,-1,-1,-1
593,1,169,79,47,37,-1,-1,-1,-1
593,3,108,86,20,17,-1,-1,-1,-1
594,1,169,79,47,37,-1,-1,-1,-1
594,3,108,86,19,17,-1,-1,-1,-1
595,1,168,79,48,37,-1,-1,-1,-1
595,3,108,86,20,16,-1,-1,-1,-1
596,1,167,79,48,38,-1,-1,-1,-1
596,3,108,86,20,16,-1,-1,-1,-1
597,1,166,79,50,39,-1,-1,-1,-1
597,3,107,86,22,17,-1,-1,-1,-1
598,1,168,79,48,38,-1,-1,-1,-1
598,3,108,85,20,16,-1,-1,-1,-1
599,1,167,79,48,38,-1,-1,-1,-1
599,3,109,85,19,16,-1,-1,-1,-1
600,1,168,79,47,38,-1,-1,-1,-1
600,3,108,85,19,16,-1,-1,-1,-1
601,1,166,79,49,39,-1,-1,-1,-1
601,3,109,85,19,16,-1,-1,-1,-1
602,1,167,79,48,38,-1,-1,-1,-1
602,3,109,85,19,16,-1,-1,-1,-1
603,1,167,79,48,38,-1,-1,-1,-1
603,3,108,85,19,16,-1,-1,-1,-1
604,1,168,79,46,37,-1,-1,-1,-1
604,3,108,86,19,15,-1,-1,-1,-1
605,1,167,79,47,37,-1,-1,-1,-1
605,3,108,86,20,15,-1,-1,-1,-1
606,1,167,79,46,37,-1,-1,-1,-1
606,3,107,86,21,16,-1,-1,-1,-1
607,1,166,79,47,36,-1,-1,-1,-1
607,3,108,86,20,16,-1,-1,-1,-1
608,1,166,79,48,36,-1,-1,-1,-1
608,3,108,86,20,16,-1,-1,-1,-1
609,1,166,79,47,36,-1,-1,-1,-1
609,3,108,86,20,16,-1,-1,-1,-1
610,1,167,79,46,36,-1,-1,-1,-1
610,3,108,85,20,17,-1,-1,-1,-1
611,1,166,79,48,37,-1,-1,-1,-1
611,3,108,86,20,16,-1,-1,-1,-1
612,1,166,80,48,36,-1,-1,-1,-1
612,3,108,86,20,16,-1,-1,-1,-1
613,1,165,80,49,37,-1,-1,-1,-1
613,3,108,86,20,17,-1,-1,-1,-1
614,1,165,80,48,37,-1,-1,-1,-1
614,3,107,87,21,17,-1,-1,-1,-1
615,1,165,80,48,37,-1,-1,-1,-1
615,3,107,87,21,17,-1,-1,-1,-1
616,1,165,80,48,37,-1,-1,-1,-1
616,3,108,87,19,15,-1,-1,-1,-1
617,1,165,80,47,37,-1,-1,-1,-1
617,3,108,87,19,16,-1,-1,-1,-1
618,1,164,79,48,37,-1,-1,-1,-1
618,3,109,87,16,12,-1,-1,-1,-1
619,1,164,79,49,37,-1,-1,-1,-1
619,3,107,87,20,15,-1,-1,-1,-1
620,1,165,79,48,37,-1,-1,-1,-1
620,3,106,87,21,16,-1,-1,-1,-1
621,1,166,79,47,37,-1,-1,-1,-1
621,3,108,87,17,12,-1,-1,-1,-1
622,1,164,79,49,37,-1,-1,-1,-1
622,3,109,86,15,11,-1,-1,-1,-1
623,1,165,79,49,37,-1,-1,-1,-1
623,3,105,86,22,16,-1,-1,-1,-1
624,1,165,79,49,37,-1,-1,-1,-1
624,3,106,86,21,15,-1,-1,-1,-1
625,1,165,78,49,38,-1,-1,-1,-1
625,3,108,86,17,12,-1,-1,-1,-1
626,1,165,78,49,38,-1,-1,-1,-1
626,3,108,86,15,10,-1,-1,-1,-1
627,1,165,78,48,37,-1,-1,-1,-1
627,3,106,85,19,14,-1,-1,-1,-1
628,1,165,78,47,37,-1,-1,-1,-1
628,3,107,85,17,12,-1,-1,-1,-1
629,1,166,78,47,36,-1,-1,-1,-1
629,3,104,85,22,15,-1,-1,-1,-1
630,1,163,78,48,36,-1,-1,-1,-1
630,3,103,85,24,17,-1,-1,-1,-1
631,1,164,78,47,36,-1,-1,-1,-1
631,3,106,85,19,13,-1,-1,-1,-1
632,1,163,78,48,37,-1,-1,-1,-1
632,3,103,85,24,17,-1,-1,-1,-1
633,1,163,78,48,37,-1,-1,-1,-1
633,3,103,85,24,18,-1,-1,-1,-1
634,1,164,79,48,38,-1,-1,-1,-1
634,3,103,86,24,18,-1,-1,-1,-1
635,1,163,80,48,37,-1,-1,-1,-1
635,3,103,86,24,18,-1,-1,-1,-1
636,1,163,81,47,36,-1,-1,-1,-1
636,3,103,87,23,18,-1,-1,-1,-1
637,1,162,81,48,37,-1,-1,-1,-1
637,3,104,89,21,15,-1,-1,-1,-1
638,1,163,81,48,37,-1,-1,-1,-1
638,3,104,87,22,16,-1,-1,-1,-1
639,1,162,79,49,38,-1,-1,-1,-1
639,3,103,86,23,17,-1,-1,-1,-1
640,1,163,79,48,37,-1,-1,-1,-1
640,3,104,85,21,16,-1,-1,-1,-1
641,1,163,79,47,36,-1,-1,-1,-1
641,3,102,85,23,17,-1,-1,-1,-1
642,1,163,78,47,37,-1,-1,-1,-1
642,3,105,84,19,14,-1,-1,-1,-1
643,1,163,78,47,36,-1,-1,-1,-1
643,3,104,85,21,15,-1,-1,-1,-1
644,1,162,78,48,38,-1,-1,-1,-1
644,3,103,85,22,17,-1,-1,-1,-1
645,1,162,79,48,37,-1,-1,-1,-1
645,3,103,85,23,17,-1,-1,-1,-1
646,1,161,79,50,39,-1,-1,-1,-1
646,3,103,85,23,18,-1,-1,-1,-1
647,1,162,79,49,39,-1,-1,-1,-1
647,3,103,85,22,18,-1,-1,-1,-1
648,1,162,80,50,38,-1,-1,-1,-1
648,3,102,85,23,18,-1,-1,-1,-1
649,1,163,80,49,38,-1,-1,-1,-1
649,3,102,85,23,18,-1,-1,-1,-1
650,1,162,80,49,37,-1,-1,-1,-1
650,3,103,85,22,18,-1,-1,-1,-1
651,1,161,79,50,39,-1,-1,-1,-1
651,3,104,85,20,16,-1,-1,-1,-1
652,1,161,79,50,39,-1,-1,-1,-1
652,3,103,85,22,18,-1,-1,-1,-1
653,1,162,79,48,37,-1,-1,-1,-1
653,3,102,85,22,17,-1,-1,-1,-1
654,1,162,78,48,38,-1,-1,-1,-1
654,3,103,85,21,17,-1,-1,-1,-1
655,1,162,78,48,37,-1,-1,-1,-1
655,3,102,84,23,18,-1,-1,-1,-1
656,1,162,78,47,37,-1,-1,-1,-1
656,3,102,84,23,18,-1,-1,-1,-1
657,1,163,78,48,36,-1,-1,-1,-1
657,3,102,83,23,18,-1,-1,-1,-1
658,1,163,78,47,36,-1,-1,-1,-1
658,3,102,83,23,18,-1,-1,-1,-1
659,1,164,78,48,37,-1,-1,-1,-1
659,3,103,84,22,18,-1,-1,-1,-1
660,1,164,78,48,37,-1,-1,-1,-1
660,3,102,84,23,18,-1,-1,-1,-1
661,1,166,79,47,37,-1,-1,-1,-1
661,3,103,85,22,18,-1,-1,-1,-1
662,1,164,80,48,37,-1,-1,-1,-1
662,3,103,86,22,17,-1,-1,-1,-1
663,1,165,81,47,37,-1,-1,-1,-1
663,3,104,87,20,17,-1,-1,-1,-1
664,1,164,82,48,37,-1,-1,-1,-1
664,3,104,87,20,17,-1,-1,-1,-1
665,1,163,82,49,38,-1,-1,-1,-1
665,3,104,88,20,16,-1,-1,-1,-1
666,1,164,82,50,39,-1,-1,-1,-1
666,3,105,88,19,16,-1,-1,-1,-1
667,1,164,82,49,39,-1,-1,-1,-1
667,3,105,88,19,15,-1,-1,-1,-1
668,1,165,83,49,38,-1,-1,-1,-1
668,3,105,88,19,15,-1,-1,-1,-1
669,1,165,82,48,38,-1,-1,-1,-1
669,3,105,88,19,15,-1,-1,-1,-1
670,1,165,81,49,39,-1,-1,-1,-1
670,3,106,88,18,15,-1,-1,-1,-1
671,1,167,81,47,37,-1,-1,-1,-1
671,3,105,87,20,15,-1,-1,-1,-1
672,1,168,80,48,38,-1,-1,-1,-1
672,3,106,87,19,15,-1,-1,-1,-1
673,1,167,80,47,38,-1,-1,-1,-1
673,3,105,86,21,16,-1,-1,-1,-1
674,1,167,80,47,37,-1,-1,-1,-1
674,3,105,86,21,15,-1,-1,-1,-1
675,1,166,79,48,38,-1,-1,-1,-1
675,3,105,85,22,17,-1,-1,-1,-1
676,1,167,79,47,38,-1,-1,-1,-1
676,3,105,84,23,18,-1,-1,-1,-1
677,1,166,79,48,38,-1,-1,-1,-1
677,3,105,84,23,18,-1,-1,-1,-1
678,1,167,78,47,38,-1,-1,-1,-1
678,3,106,83,22,18,-1,-1,-1,-1
679,1,167,78,48,38,-1,-1,-1,-1
679,3,106,83,22,18,-1,-1,-1,-1
680,1,167,77,49,38,-1,-1,-1,-1
680,3,107,83,21,17,-1,-1,-1,-1
681,1,168,77,48,38,-1,-1,-1,-1
681,3,107,83,21,17,-1,-1,-1,-1
682,1,168,76,49,38,-1,-1,-1,-1
682,3,107,82,21,17,-1,-1,-1,-1
683,1,169,76,48,38,-1,-1,-1,-1
683,3,107,82,22,17,-1,-1,-1,-1
684,1,169,76,48,38,-1,-1,-1,-1
684,3,107,82,22,17,-1,-1,-1,-1
685,1,170,77,48,37,-1,-1,-1,-1
685,3,108,82,22,17,-1,-1,-1,-1
686,1,170,77,47,37,-1,-1,-1,-1
686,3,108,82,22,18,-1,-1,-1,-1
687,1,171,77,46,37,-1,-1,-1,-1
687,3,108,82,23,18,-1,-1,-1,-1
688,1,170,77,48,38,-1,-1,-1,-1
688,3,109,83,21,17,-1,-1,-1,-1
689,1,170,77,48,38,-1,-1,-1,-1
689,3,109,83,22,17,-1,-1,-1,-1
690,1,170,77,49,38,-1,-1,-1,-1
690,3,110,83,21,17,-1,-1,-1,-1
691,1,171,77,48,38,-1,-1,-1,-1
691,3,110,83,22,17,-1,-1,-1,-1
692,1,172,77,48,37,-1,-1,-1,-1
692,3,111,83,20,16,-1,-1,-1,-1
693,1,172,77,47,37,-1,-1,-1,-1
693,3,110,84,22,17,-1,-1,-1,-1
693,36,0,86,19,11,-1,-1,-1,-1
694,1,172,78,47,37,-1,-1,-1,-1
694,3,110,84,23,18,-1,-1,-1,-1
694,36,0,86,18,12,-1,-1,-1,-1
695,1,171,78,49,38,-1,-1,-1,-1
695,3,111,85,21,17,-1,-1,-1,-1
695,36,0,86,17,13,-1,-1,-1,-1
696,1,171,78,50,39,-1,-1,-1,-1
696,3,111,85,22,17,-1,-1,-1,-1
696,36,0,87,15,12,-1,-1,-1,-1
697,1,173,79,48,37,-1,-1,-1,-1
697,3,111,85,22,17,-1,-1,-1,-1
697,36,0,87,14,13,-1,-1,-1,-1
698,1,172,78,49,38,-1,-1,-1,-1
698,3,111,85,22,16,-1,-1,-1,-1
698,36,0,87,13,13,-1,-1,-1,-1
699,1,173,78,48,38,-1,-1,-1,-1
699,3,112,85,22,16,-1,-1,-1,-1
700,1,173,78,49,38,-1,-1,-1,-1
700,3,112,85,22,16,-1,-1,-1,-1
701,1,172,79,50,38,-1,-1,-1,-1
701,3,113,85,21,16,-1,-1,-1,-1
702,1,173,79,50,38,-1,-1,-1,-1
702,3,112,85,22,16,-1,-1,-1,-1
703,1,173,79,50,39,-1,-1,-1,-1
703,3,112,85,23,17,-1,-1,-1,-1
704,1,173,79,50,39,-1,-1,-1,-1
704,3,113,85,22,17,-1,-1,-1,-1
705,1,173,80,50,39,-1,-1,-1,-1
705,3,114,86,22,17,-1,-1,-1,-1
706,1,173,80,50,39,-1,-1,-1,-1
706,3,114,85,23,18,-1,-1,-1,-1
707,1,174,79,49,38,-1,-1,-1,-1
707,3,114,85,23,17,-1,-1,-1,-1
708,1,174,79,48,38,-1,-1,-1,-1
708,3,115,85,23,17,-1,-1,-1,-1
709,1,175,78,48,38,-1,-1,-1,-1
709,3,116,84,23,18,-1,-1,-1,-1
710,1,175,78,48,38,-1,-1,-1,-1
710,3,116,84,23,18,-1,-1,-1,-1
711,1,175,78,48,38,-1,-1,-1,-1
711,3,116,84,24,18,-1,-1,-1,-1
712,1,174,78,50,38,-1,-1,-1,-1
712,3,117,83,23,19,-1,-1,-1,-1
713,1,175,78,49,38,-1,-1,-1,-1
713,3,116,83,23,19,-1,-1,-1,-1
714,1,174,78,50,39,-1,-1,-1,-1
714,3,117,84,22,17,-1,-1,-1,-1
715,1,174,78,50,39,-1,-1,-1,-1
715,3,118,84,22,17,-1,-1,-1,-1
716,1,174,78,50,39,-1,-1,-1,-1
716,3,119,84,21,17,-1,-1,-1,-1
717,1,175,78,49,40,-1,-1,-1,-1
717,3,119,84,21,17,-1,-1,-1,-1
718,1,175,78,49,39,-1,-1,-1,-1
718,3,119,85,22,16,-1,-1,-1,-1
719,1,174,78,49,38,-1,-1,-1,-1
719,3,120,84,21,17,-1,-1,-1,-1
720,1,174,78,49,38,-1,-1,-1,-1
720,3,120,84,21,17,-1,-1,-1,-1
721,1,174,77,49,38,-1,-1,-1,-1
721,3,120,83,21,17,-1,-1,-1,-1
722,1,174,77,49,38,-1,-1,-1,-1
722,3,120,83,21,17,-1,-1,-1,-1
723,1,173,77,50,38,-1,-1,-1,-1
723,3,120,83,22,16,-1,-1,-1,-1
724,1,173,77,50,38,-1,-1,-1,-1
724,3,120,83,22,16,-1,-1,-1,-1
725,1,173,77,50,38,-1,-1,-1,-1
725,3,120,82,22,17,-1,-1,-1,-1
726,1,174,77,49,38,-1,-1,-1,-1
726,3,121,83,21,16,-1,-1,-1,-1
727,1,174,77,49,38,-1,-1,-1,-1
727,3,122,83,21,16,-1,-1,-1,-1
728,1,174,77,50,38,-1,-1,-1,-1
728,3,121,83,23,17,-1,-1,-1,-1
729,1,174,77,50,39,-1,-1,-1,-1
729,3,122,83,22,17,-1,-1,-1,-1
730,1,173,77,51,39,-1,-1,-1,-1
730,3,122,83,22,17,-1,-1,-1,-1
731,1,174,77,50,39,-1,-1,-1,-1
731,3,122,83,23,17,-1,-1,-1,-1
732,1,173,77,51,40,-1,-1,-1,-1
732,3,123,85,21,15,-1,-1,-1,-1
733,1,173,77,51,40,-1,-1,-1,-1
733,3,124,85,21,15,-1,-1,-1,-1
734,1,173,77,52,41,-1,-1,-1,-1
734,3,124,84,22,16,-1,-1,-1,-1
735,1,174,77,51,40,-1,-1,-1,-1
735,3,123,84,23,16,-1,-1,-1,-1
736,1,174,77,51,40,-1,-1,-1,-1
736,3,124,84,23,16,-1,-1,-1,-1
737,1,174,77,51,40,-1,-1,-1,-1
737,3,125,84,23,16,-1,-1,-1,-1
738,3,125,83,23,17,-1,-1,-1,-1
739,1,176,77,51,40,-1,-1,-1,-1
739,3,126,83,23,17,-1,-1,-1,-1
740,1,176,77,51,40,-1,-1,-1,-1
740,3,126,83,23,17,-1,-1,-1,-1
741,1,176,77,51,40,-1,-1,-1,-1
741,3,127,83,23,17,-1,-1,-1,-1
742,1,177,77,50,40,-1,-1,-1,-1
742,3,128,83,23,17,-1,-1,-1,-1
743,1,177,77,50,41,-1,-1,-1,-1
743,3,128,84,24,17,-1,-1,-1,-1
744,1,177,78,50,40,-1,-1,-1,-1
744,3,129,84,24,18,-1,-1,-1,-1
745,1,177,78,50,40,-1,-1,-1,-1
745,3,129,84,24,18,-1,-1,-1,-1
746,1,178,78,50,41,-1,-1,-1,-1
746,3,130,85,24,18,-1,-1,-1,-1
747,1,179,79,49,39,-1,-1,-1,-1
747,3,131,85,24,18,-1,-1,-1,-1
748,1,180,79,49,38,-1,-1,-1,-1
748,3,132,84,23,17,-1,-1,-1,-1
749,1,182,79,48,38,-1,-1,-1,-1
749,3,132,84,24,17,-1,-1,-1,-1
750,1,181,78,49,39,-1,-1,-1,-1
750,3,133,83,25,19,-1,-1,-1,-1
751,1,182,78,49,38,-1,-1,-1,-1
751,3,134,83,24,18,-1,-1,-1,-1
752,1,182,77,50,39,-1,-1,-1,-1
752,3,135,82,25,20,-1,-1,-1,-1
753,1,182,76,50,40,-1,-1,-1,-1
753,3,136,82,25,18,-1,-1,-1,-1
754,1,183,76,50,40,-1,-1,-1,-1
754,3,137,82,24,18,-1,-1,-1,-1
755,1,184,76,50,40,-1,-1,-1,-1
755,3,140,82,21,16,-1,-1,-1,-1
756,1,185,76,49,40,-1,-1,-1,-1
756,3,140,82,21,15,-1,-1,-1,-1
757,1,185,76,50,40,-1,-1,-1,-1
757,3,141,82,22,16,-1,-1,-1,-1
758,1,186,76,49,40,-1,-1,-1,-1
758,3,142,82,22,16,-1,-1,-1,-1
759,1,186,76,50,40,-1,-1,-1,-1
759,3,142,82,23,17,-1,-1,-1,-1
760,1,187,76,50,40,-1,-1,-1,-1
760,3,143,82,23,17,-1,-1,-1,-1
761,1,189,77,49,39,-1,-1,-1,-1
761,3,144,82,24,17,-1,-1,-1,-1
762,1,189,77,50,39,-1,-1,-1,-1
762,3,145,82,24,17,-1,-1,-1,-1
763,1,190,77,50,39,-1,-1,-1,-1
763,3,146,82,23,18,-1,-1,-1,-1
764,1,190,77,51,39,-1,-1,-1,-1
764,3,147,82,23,18,-1,-1,-1,-1
765,1,191,77,51,39,-1,-1,-1,-1
765,3,148,82,24,18,-1,-1,-1,-1
766,1,192,77,51,40,-1,-1,-1,-1
766,3,149,82,24,18,-1,-1,-1,-1
767,1,192,76,51,41,-1,-1,-1,-1
767,3,149,82,25,18,-1,-1,-1,-1
768,1,193,76,50,40,-1,-1,-1,-1
768,3,151,82,23,18,-1,-1,-1,-1
769,1,194,76,50,40,-1,-1,-1,-1
769,3,152,82,24,18,-1,-1,-1,-1
770,1,194,76,51,40,-1,-1,-1,-1
770,3,152,82,25,18,-1,-1,-1,-1
771,1,196,76,50,40,-1,-1,-1,-1
771,3,154,82,24,19,-1,-1,-1,-1
772,1,196,76,51,40,-1,-1,-1,-1
772,3,155,83,24,18,-1,-1,-1,-1
773,1,197,77,50,40,-1,-1,-1,-1
773,3,156,83,24,18,-1,-1,-1,-1
774,1,198,77,50,40,-1,-1,-1,-1
774,3,157,83,24,18,-1,-1,-1,-1
775,1,198,77,50,40,-1,-1,-1,-1
775,3,157,84,26,18,-1,-1,-1,-1
776,1,199,78,50,40,-1,-1,-1,-1
776,3,158,84,25,18,-1,-1,-1,-1
777,1,200,78,50,40,-1,-1,-1,-1
777,3,159,84,25,18,-1,-1,-1,-1
778,1,200,78,51,40,-1,-1,-1,-1
778,3,160,84,24,18,-1,-1,-1,-1
779,1,201,78,50,40,-1,-1,-1,-1
779,3,161,83,24,18,-1,-1,-1,-1
780,1,201,77,51,40,-1,-1,-1,-1
780,3,161,83,25,17,-1,-1,-1,-1
781,1,202,76,51,40,-1,-1,-1,-1
781,3,163,82,24,17,-1,-1,-1,-1
782,1,202,75,51,40,-1,-1,-1,-1
782,3,163,81,25,18,-1,-1,-1,-1
783,1,203,75,50,40,-1,-1,-1,-1
783,3,163,81,26,17,-1,-1,-1,-1
784,1,203,74,50,40,-1,-1,-1,-1
784,3,163,80,27,18,-1,-1,-1,-1
785,1,204,74,50,40,-1,-1,-1,-1
785,3,164,79,27,19,-1,-1,-1,-1
786,1,204,75,51,39,-1,-1,-1,-1
786,3,165,79,26,19,-1,-1,-1,-1
787,1,204,75,51,39,-1,-1,-1,-1
787,3,165,80,26,18,-1,-1,-1,-1
788,1,205,75,51,40,-1,-1,-1,-1
788,3,166,80,26,19,-1,-1,-1,-1
789,1,205,75,51,40,-1,-1,-1,-1
789,3,166,80,27,19,-1,-1,-1,-1
790,1,205,76,50,39,-1,-1,-1,-1
790,3,167,80,26,19,-1,-1,-1,-1
791,1,206,76,50,39,-1,-1,-1,-1
791,3,167,81,26,18,-1,-1,-1,-1
792,1,206,76,50,40,-1,-1,-1,-1
792,3,167,81,26,18,-1,-1,-1,-1
793,1,205,77,53,41,-1,-1,-1,-1
793,3,168,81,26,19,-1,-1,-1,-1
794,1,206,77,52,41,-1,-1,-1,-1
794,3,169,82,25,18,-1,-1,-1,-1
795,1,206,77,52,41,-1,-1,-1,-1
795,3,169,82,25,18,-1,-1,-1,-1
796,1,206,77,52,42,-1,-1,-1,-1
796,3,169,82,25,19,-1,-1,-1,-1
797,1,207,78,51,41,-1,-1,-1,-1
797,3,170,83,25,18,-1,-1,-1,-1
798,1,207,78,52,41,-1,-1,-1,-1
798,3,171,83,25,18,-1,-1,-1,-1
799,1,207,79,52,41,-1,-1,-1,-1
799,3,171,84,25,18,-1,-1,-1,-1
800,1,208,79,51,41,-1,-1,-1,-1
800,3,171,84,25,18,-1,-1,-1,-1
801,1,208,79,52,41,-1,-1,-1,-1
801,3,171,84,26,18,-1,-1,-1,-1
802,1,208,79,52,41,-1,-1,-1,-1
802,3,171,84,27,18,-1,-1,-1,-1
803,1,209,79,51,41,-1,-1,-1,-1
803,3,172,84,26,18,-1,-1,-1,-1
804,1,210,79,51,41,-1,-1,-1,-1
804,3,172,84,26,18,-1,-1,-1,-1
805,1,210,79,51,41,-1,-1,-1,-1
805,3,173,84,26,18,-1,-1,-1,-1
806,1,210,80,51,41,-1,-1,-1,-1
806,3,173,84,26,18,-1,-1,-1,-1
807,1,210,79,51,42,-1,-1,-1,-1
807,3,174,84,25,18,-1,-1,-1,-1
808,1,211,80,50,41,-1,-1,-1,-1
808,3,174,85,25,18,-1,-1,-1,-1
809,1,211,79,51,41,-1,-1,-1,-1
809,3,175,85,24,17,-1,-1,-1,-1
810,1,212,79,50,41,-1,-1,-1,-1
810,3,175,85,24,17,-1,-1,-1,-1
811,1,212,78,51,42,-1,-1,-1,-1
811,3,175,84,25,17,-1,-1,-1,-1
812,1,213,78,51,41,-1,-1,-1,-1
812,3,175,84,25,17,-1,-1,-1,-1
813,1,213,77,51,41,-1,-1,-1,-1
813,3,176,84,25,16,-1,-1,-1,-1
814,1,213,77,51,41,-1,-1,-1,-1
814,3,175,84,25,16,-1,-1,-1,-1
815,1,214,78,50,40,-1,-1,-1,-1
815,3,176,83,25,17,-1,-1,-1,-1
816,1,214,78,51,41,-1,-1,-1,-1
816,3,175,83,27,18,-1,-1,-1,-1
817,1,215,79,50,40,-1,-1,-1,-1
817,3,175,83,27,19,-1,-1,-1,-1
818,1,216,80,49,39,-1,-1,-1,-1
818,3,175,83,27,19,-1,-1,-1,-1
819,1,216,80,50,40,-1,-1,-1,-1
819,3,176,84,26,18,-1,-1,-1,-1
820,1,216,80,51,41,-1,-1,-1,-1
820,3,176,84,26,18,-1,-1,-1,-1
821,1,216,80,51,41,-1,-1,-1,-1
821,3,176,84,27,19,-1,-1,-1,-1
822,1,216,79,52,42,-1,-1,-1,-1
822,3,176,84,27,19,-1,-1,-1,-1
823,1,216,79,52,42,-1,-1,-1,-1
823,3,176,84,27,19,-1,-1,-1,-1
824,1,217,79,51,42,-1,-1,-1,-1
824,3,176,84,27,19,-1,-1,-1,-1
825,1,218,79,51,41,-1,-1,-1,-1
825,3,176,83,27,19,-1,-1,-1,-1
826,1,218,79,51,41,-1,-1,-1,-1
826,3,177,83,26,19,-1,-1,-1,-1
827,1,218,79,51,41,-1,-1,-1,-1
827,3,176,83,27,19,-1,-1,-1,-1
828,1,218,79,52,42,-1,-1,-1,-1
828,3,177,83,26,19,-1,-1,-1,-1
829,1,218,79,52,42,-1,-1,-1,-1
829,3,176,83,27,19,-1,-1,-1,-1
830,1,219,79,51,41,-1,-1,-1,-1
830,3,176,83,27,19,-1,-1,-1,-1
831,1,219,79,51,41,-1,-1,-1,-1
831,3,177,83,25,19,-1,-1,-1,-1
832,1,219,79,51,41,-1,-1,-1,-1
832,3,177,83,25,19,-1,-1,-1,-1
833,1,220,79,51,41,-1,-1,-1,-1
833,3,177,83,26,19,-1,-1,-1,-1
834,1,221,79,51,41,-1,-1,-1,-1
834,3,177,83,25,19,-1,-1,-1,-1
835,1,221,79,51,42,-1,-1,-1,-1
835,3,176,84,26,19,-1,-1,-1,-1
836,1,220,79,51,42,-1,-1,-1,-1
836,3,176,84,26,19,-1,-1,-1,-1
837,1,220,79,51,42,-1,-1,-1,-1
837,3,176,85,26,18,-1,-1,-1,-1
838,1,220,80,51,41,-1,-1,-1,-1
838,3,176,85,25,18,-1,-1,-1,-1
839,1,220,80,51,41,-1,-1,-1,-1
839,3,176,85,25,18,-1,-1,-1,-1
840,1,220,80,51,41,-1,-1,-1,-1
840,3,175,85,26,18,-1,-1,-1,-1
841,1,220,80,52,41,-1,-1,-1,-1
841,3,175,85,26,18,-1,-1,-1,-1
842,1,220,80,51,41,-1,-1,-1,-1
842,3,175,85,26,18,-1,-1,-1,-1
843,1,220,80,51,41,-1,-1,-1,-1
843,3,175,85,25,18,-1,-1,-1,-1
844,1,220,80,51,41,-1,-1,-1,-1
844,3,174,84,27,19,-1,-1,-1,-1
845,1,220,79,52,42,-1,-1,-1,-1
845,3,174,84,27,19,-1,-1,-1,-1
846,1,219,78,53,42,-1,-1,-1,-1
846,3,174,84,26,18,-1,-1,-1,-1
847,1,219,78,52,42,-1,-1,-1,-1
847,3,174,83,26,19,-1,-1,-1,-1
848,1,219,78,52,42,-1,-1,-1,-1
848,3,174,83,26,18,-1,-1,-1,-1
849,1,219,78,52,41,-1,-1,-1,-1
849,3,174,83,25,18,-1,-1,-1,-1
850,1,219,78,52,41,-1,-1,-1,-1
850,3,173,82,27,19,-1,-1,-1,-1
851,1,219,78,52,41,-1,-1,-1,-1
851,3,173,83,25,18,-1,-1,-1,-1
852,1,219,78,52,41,-1,-1,-1,-1
852,3,172,83,26,18,-1,-1,-1,-1
853,1,218,78,53,42,-1,-1,-1,-1
853,3,172,83,26,19,-1,-1,-1,-1
854,1,218,79,53,41,-1,-1,-1,-1
854,3,171,83,27,19,-1,-1,-1,-1
855,1,218,79,53,41,-1,-1,-1,-1
855,3,171,83,26,19,-1,-1,-1,-1
856,1,218,79,53,42,-1,-1,-1,-1
856,3,170,83,27,19,-1,-1,-1,-1
857,1,218,79,52,41,-1,-1,-1,-1
857,3,171,83,26,19,-1,-1,-1,-1
858,1,217,78,53,42,-1,-1,-1,-1
858,3,171,83,26,19,-1,-1,-1,-1
859,1,218,78,52,41,-1,-1,-1,-1
859,3,171,83,25,18,-1,-1,-1,-1
860,1,218,77,52,41,-1,-1,-1,-1
860,3,171,82,25,18,-1,-1,-1,-1
861,1,217,77,53,41,-1,-1,-1,-1
861,3,170,82,26,18,-1,-1,-1,-1
862,1,217,76,53,41,-1,-1,-1,-1
862,3,170,81,25,18,-1,-1,-1,-1
863,1,217,76,53,41,-1,-1,-1,-1
863,3,170,81,25,18,-1,-1,-1,-1
864,1,216,76,53,41,-1,-1,-1,-1
864,3,170,81,25,18,-1,-1,-1,-1
865,1,216,76,54,42,-1,-1,-1,-1
865,3,169,81,26,18,-1,-1,-1,-1
866,1,216,76,53,42,-1,-1,-1,-1
866,3,168,81,26,18,-1,-1,-1,-1
867,1,216,76,54,42,-1,-1,-1,-1
867,3,168,81,26,18,-1,-1,-1,-1
868,1,216,76,53,42,-1,-1,-1,-1
868,3,169,82,24,17,-1,-1,-1,-1
869,1,217,77,53,41,-1,-1,-1,-1
869,3,169,82,24,17,-1,-1,-1,-1
870,1,216,77,53,42,-1,-1,-1,-1
870,3,168,82,26,18,-1,-1,-1,-1
871,1,216,77,53,42,-1,-1,-1,-1
871,3,167,82,27,19,-1,-1,-1,-1
872,1,216,78,53,41,-1,-1,-1,-1
872,3,168,83,26,18,-1,-1,-1,-1
873,1,216,78,53,42,-1,-1,-1,-1
873,3,168,83,26,19,-1,-1,-1,-1
874,1,216,79,53,42,-1,-1,-1,-1
874,3,167,84,28,18,-1,-1,-1,-1
875,1,215,80,54,42,-1,-1,-1,-1
875,3,167,85,27,18,-1,-1,-1,-1
876,1,215,80,54,42,-1,-1,-1,-1
876,3,167,85,28,18,-1,-1,-1,-1
877,1,216,81,53,41,-1,-1,-1,-1
877,3,167,85,28,19,-1,-1,-1,-1
878,1,216,81,54,42,-1,-1,-1,-1
878,3,168,85,27,19,-1,-1,-1,-1
879,1,217,81,53,42,-1,-1,-1,-1
879,3,167,85,28,19,-1,-1,-1,-1
880,1,217,81,53,41,-1,-1,-1,-1
880,3,167,85,28,19,-1,-1,-1,-1
881,1,217,81,53,40,-1,-1,-1,-1
881,3,167,85,28,19,-1,-1,-1,-1
882,1,217,80,54,41,-1,-1,-1,-1
882,3,168,85,27,18,-1,-1,-1,-1
883,1,217,78,55,42,-1,-1,-1,-1
883,3,168,83,28,19,-1,-1,-1,-1
884,1,217,77,54,41,-1,-1,-1,-1
884,3,168,81,29,20,-1,-1,-1,-1
885,1,217,76,54,42,-1,-1,-1,-1
885,3,168,81,29,20,-1,-1,-1,-1
886,1,218,76,53,41,-1,-1,-1,-1
886,3,169,80,27,19,-1,-1,-1,-1
887,1,218,75,53,42,-1,-1,-1,-1
887,3,168,80,28,19,-1,-1,-1,-1
888,1,218,75,53,42,-1,-1,-1,-1
888,3,169,80,27,19,-1,-1,-1,-1
889,1,218,75,53,41,-1,-1,-1,-1
889,3,168,80,28,19,-1,-1,-1,-1
890,1,217,76,54,42,-1,-1,-1,-1
890,3,169,80,27,19,-1,-1,-1,-1
891,1,218,76,54,42,-1,-1,-1,-1
891,3,168,80,28,19,-1,-1,-1,-1
892,1,217,75,56,44,-1,-1,-1,-1
892,3,169,80,27,19,-1,-1,-1,-1
893,1,218,76,54,42,-1,-1,-1,-1
893,3,169,80,27,19,-1,-1,-1,-1
894,1,219,76,53,42,-1,-1,-1,-1
894,3,169,80,28,20,-1,-1,-1,-1
895,1,218,76,54,42,-1,-1,-1,-1
895,3,169,81,28,19,-1,-1,-1,-1
896,1,218,76,55,43,-1,-1,-1,-1
896,3,169,81,29,19,-1,-1,-1,-1
897,1,218,77,55,42,-1,-1,-1,-1
897,3,170,81,27,19,-1,-1,-1,-1
898,1,219,77,54,42,-1,-1,-1,-1
898,3,169,81,29,20,-1,-1,-1,-1
899,1,218,77,56,43,-1,-1,-1,-1
899,3,170,81,28,20,-1,-1,-1,-1
900,1,219,77,55,43,-1,-1,-1,-1
900,3,170,82,28,19,-1,-1,-1,-1
901,1,219,77,55,43,-1,-1,-1,-1
901,3,171,82,27,19,-1,-1,-1,-1
902,1,219,77,56,43,-1,-1,-1,-1
902,3,171,82,27,19,-1,-1,-1,-1
903,1,220,77,55,43,-1,-1,-1,-1
903,3,171,82,27,19,-1,-1,-1,-1
904,1,221,77,54,42,-1,-1,-1,-1
904,3,171,82,28,19,-1,-1,-1,-1
905,1,220,76,55,43,-1,-1,-1,-1
905,3,171,82,27,19,-1,-1,-1,-1
906,1,220,76,55,43,-1,-1,-1,-1
906,3,171,82,27,18,-1,-1,-1,-1
907,1,220,77,54,42,-1,-1,-1,-1
907,3,171,82,27,18,-1,-1,-1,-1
908,1,219,77,55,42,-1,-1,-1,-1
908,3,171,81,27,19,-1,-1,-1,-1
909,1,219,75,55,43,-1,-1,-1,-1
909,3,171,81,27,19,-1,-1,-1,-1
910,1,219,75,55,42,-1,-1,-1,-1
910,3,171,80,28,19,-1,-1,-1,-1
911,1,219,74,56,42,-1,-1,-1,-1
911,3,171,79,28,19,-1,-1,-1,-1
912,1,219,73,56,42,-1,-1,-1,-1
912,3,170,77,30,20,-1,-1,-1,-1
913,1,220,72,55,43,-1,-1,-1,-1
913,3,171,77,29,20,-1,-1,-1,-1
914,1,219,72,57,43,-1,-1,-1,-1
914,3,171,77,29,20,-1,-1,-1,-1
915,1,219,72,56,43,-1,-1,-1,-1
915,3,171,77,29,20,-1,-1,-1,-1
916,1,219,72,56,43,-1,-1,-1,-1
916,3,171,78,28,19,-1,-1,-1,-1
917,1,218,73,57,43,-1,-1,-1,-1
917,3,171,78,29,20,-1,-1,-1,-1
918,1,218,73,57,43,-1,-1,-1,-1
918,3,171,79,29,19,-1,-1,-1,-1
919,1,218,75,57,42,-1,-1,-1,-1
919,3,171,80,28,19,-1,-1,-1,-1
920,1,219,75,56,42,-1,-1,-1,-1
920,3,171,80,28,19,-1,-1,-1,-1
921,1,218,75,56,42,-1,-1,-1,-1
921,3,171,80,29,19,-1,-1,-1,-1
922,1,218,75,56,43,-1,-1,-1,-1
922,3,170,80,29,19,-1,-1,-1,-1
923,1,218,75,56,43,-1,-1,-1,-1
923,3,171,80,28,20,-1,-1,-1,-1
924,1,218,75,56,43,-1,-1,-1,-1
924,3,170,79,29,21,-1,-1,-1,-1
925,1,217,75,57,43,-1,-1,-1,-1
925,3,170,79,29,20,-1,-1,-1,-1
926,1,217,74,57,43,-1,-1,-1,-1
926,3,170,79,29,20,-1,-1,-1,-1
927,1,216,73,59,44,-1,-1,-1,-1
927,3,170,78,29,20,-1,-1,-1,-1
928,1,216,73,58,43,-1,-1,-1,-1
928,3,170,77,28,20,-1,-1,-1,-1
929,1,216,72,57,44,-1,-1,-1,-1
929,3,170,77,28,20,-1,-1,-1,-1
930,1,216,72,57,43,-1,-1,-1,-1
930,3,170,76,28,20,-1,-1,-1,-1
931,1,215,72,58,43,-1,-1,-1,-1
931,3,169,76,29,20,-1,-1,-1,-1
932,1,216,72,57,43,-1,-1,-1,-1
932,3,169,76,29,20,-1,-1,-1,-1
933,1,215,72,57,43,-1,-1,-1,-1
933,3,168,76,29,20,-1,-1,-1,-1
934,1,215,72,57,43,-1,-1,-1,-1
934,3,168,76,29,20,-1,-1,-1,-1
935,1,214,72,59,43,-1,-1,-1,-1
935,3,167,76,30,20,-1,-1,-1,-1
936,1,214,72,58,43,-1,-1,-1,-1
936,3,167,76,29,20,-1,-1,-1,-1
937,1,213,72,58,43,-1,-1,-1,-1
937,3,167,76,29,20,-1,-1,-1,-1
938,1,213,72,58,43,-1,-1,-1,-1
938,3,167,76,29,20,-1,-1,-1,-1
939,1,214,71,57,44,-1,-1,-1,-1
939,3,167,76,29,20,-1,-1,-1,-1
940,1,213,71,57,43,-1,-1,-1,-1
940,3,167,76,28,20,-1,-1,-1,-1
941,1,213,71,57,43,-1,-1,-1,-1
941,3,166,75,29,20,-1,-1,-1,-1
942,1,212,71,58,43,-1,-1,-1,-1
942,3,165,75,30,20,-1,-1,-1,-1
943,1,212,70,58,43,-1,-1,-1,-1
943,3,166,74,29,21,-1,-1,-1,-1
944,1,212,70,57,43,-1,-1,-1,-1
944,3,166,74,28,21,-1,-1,-1,-1
945,1,210,69,59,44,-1,-1,-1,-1
945,3,165,75,28,20,-1,-1,-1,-1
946,1,210,70,59,44,-1,-1,-1,-1
946,3,164,75,30,20,-1,-1,-1,-1
947,1,210,70,59,44,-1,-1,-1,-1
947,3,164,74,30,21,-1,-1,-1,-1
948,1,210,69,59,45,-1,-1,-1,-1
948,3,164,74,29,21,-1,-1,-1,-1
949,1,210,69,58,44,-1,-1,-1,-1
949,3,163,73,30,21,-1,-1,-1,-1
950,1,210,69,58,44,-1,-1,-1,-1
950,3,164,73,29,21,-1,-1,-1,-1
951,1,209,69,59,44,-1,-1,-1,-1
951,3,163,73,29,21,-1,-1,-1,-1
952,1,209,69,59,44,-1,-1,-1,-1
952,3,163,73,29,21,-1,-1,-1,-1
953,1,209,70,59,44,-1,-1,-1,-1
953,3,162,73,30,22,-1,-1,-1,-1
954,1,208,70,59,44,-1,-1,-1,-1
954,3,160,70,34,25,-1,-1,-1,-1
955,1,208,71,59,44,-1,-1,-1,-1
955,3,161,72,32,24,-1,-1,-1,-1
956,1,208,71,59,44,-1,-1,-1,-1
956,3,161,74,30,23,-1,-1,-1,-1
957,1,207,71,60,45,-1,-1,-1,-1
957,3,161,74,30,23,-1,-1,-1,-1
957,54,131,75,20,10,-1,-1,-1,-1
958,1,207,71,60,45,-1,-1,-1,-1
958,3,161,75,30,22,-1,-1,-1,-1
958,54,129,74,21,11,-1,-1,-1,-1
959,1,206,70,61,46,-1,-1,-1,-1
959,3,161,74,30,22,-1,-1,-1,-1
960,1,206,70,61,46,-1,-1,-1,-1
960,3,161,74,29,22,-1,-1,-1,-1
961,1,206,70,61,46,-1,-1,-1,-1
961,3,161,74,28,22,-1,-1,-1,-1
962,1,206,69,61,46,-1,-1,-1,-1
962,3,160,74,29,22,-1,-1,-1,-1
963,1,206,69,61,46,-1,-1,-1,-1
963,3,160,74,28,21,-1,-1,-1,-1
964,1,206,69,61,46,-1,-1,-1,-1
964,3,160,74,28,21,-1,-1,-1,-1
964,56,142,75,16,9,-1,-1,-1,-1
965,1,206,70,60,45,-1,-1,-1,-1
965,3,159,74,29,22,-1,-1,-1,-1
965,54,110,74,22,11,-1,-1,-1,-1
965,56,141,75,16,9,-1,-1,-1,-1
966,1,205,70,60,46,-1,-1,-1,-1
966,3,159,74,29,22,-1,-1,-1,-1
966,54,106,73,23,12,-1,-1,-1,-1
967,1,205,70,60,46,-1,-1,-1,-1
967,3,159,74,29,22,-1,-1,-1,-1
967,54,104,74,22,11,-1,-1,-1,-1
968,1,204,71,61,46,-1,-1,-1,-1
968,3,159,75,29,22,-1,-1,-1,-1
968,54,100,74,24,12,-1,-1,-1,-1
968,59,131,76,17,9,-1,-1,-1,-1
969,1,204,70,61,46,-1,-1,-1,-1
969,3,159,75,28,21,-1,-1,-1,-1
969,54,97,74,24,12,-1,-1,-1,-1
969,59,129,77,17,9,-1,-1,-1,-1
970,1,203,70,61,46,-1,-1,-1,-1
970,3,158,75,29,21,-1,-1,-1,-1
970,54,96,73,23,13,-1,-1,-1,-1
970,59,125,76,17,9,-1,-1,-1,-1
971,1,203,70,61,46,-1,-1,-1,-1
971,3,158,75,28,21,-1,-1,-1,-1
971,54,93,73,23,12,-1,-1,-1,-1
971,59,123,75,19,10,-1,-1,-1,-1
972,1,203,70,62,46,-1,-1,-1,-1
972,3,158,74,29,22,-1,-1,-1,-1
972,54,90,73,24,12,-1,-1,-1,-1
972,59,121,75,19,10,-1,-1,-1,-1
973,1,202,68,63,48,-1,-1,-1,-1
973,3,156,73,30,23,-1,-1,-1,-1
973,54,88,72,24,13,-1,-1,-1,-1
973,59,117,74,19,10,-1,-1,-1,-1
974,1,202,66,63,48,-1,-1,-1,-1
974,3,157,71,30,23,-1,-1,-1,-1
974,54,85,72,25,13,-1,-1,-1,-1
974,59,114,73,20,11,-1,-1,-1,-1
975,1,202,66,62,46,-1,-1,-1,-1
975,3,156,70,31,23,-1,-1,-1,-1
976,1,201,64,64,48,-1,-1,-1,-1
976,3,156,69,31,23,-1,-1,-1,-1
977,1,201,64,64,47,-1,-1,-1,-1
977,3,156,68,31,23,-1,-1,-1,-1
978,1,201,63,63,48,-1,-1,-1,-1
978,3,155,67,31,24,-1,-1,-1,-1
979,1,201,63,63,47,-1,-1,-1,-1
979,3,155,68,31,23,-1,-1,-1,-1
980,1,200,64,64,48,-1,-1,-1,-1
980,3,154,68,32,24,-1,-1,-1,-1
981,1,200,64,64,48,-1,-1,-1,-1
981,3,154,69,31,23,-1,-1,-1,-1
982,1,199,64,65,49,-1,-1,-1,-1
982,3,154,69,31,24,-1,-1,-1,-1
983,1,198,64,66,49,-1,-1,-1,-1
983,3,154,69,31,24,-1,-1,-1,-1
983,59,83,71,25,12,-1,-1,-1,-1
984,1,199,64,65,49,-1,-1,-1,-1
984,3,154,69,31,24,-1,-1,-1,-1
984,59,80,70,26,13,-1,-1,-1,-1
985,1,198,64,66,49,-1,-1,-1,-1
985,3,153,69,31,24,-1,-1,-1,-1
985,59,79,70,25,13,-1,-1,-1,-1
986,1,198,64,66,50,-1,-1,-1,-1
986,3,153,69,31,23,-1,-1,-1,-1
986,59,77,69,24,14,-1,-1,-1,-1
987,1,198,64,65,50,-1,-1,-1,-1
987,3,153,69,31,23,-1,-1,-1,-1
987,59,74,69,25,13,-1,-1,-1,-1
988,1,197,64,66,50,-1,-1,-1,-1
988,3,153,69,31,23,-1,-1,-1,-1
989,1,198,64,65,50,-1,-1,-1,-1
989,3,154,70,30,22,-1,-1,-1,-1
989,59,65,70,25,13,-1,-1,-1,-1
990,1,197,65,65,49,-1,-1,-1,-1
990,3,153,70,31,23,-1,-1,-1,-1
990,59,62,70,25,13,-1,-1,-1,-1
991,1,196,65,67,49,-1,-1,-1,-1
991,3,153,70,31,23,-1,-1,-1,-1
991,59,60,71,24,13,-1,-1,-1,-1
992,1,197,65,66,50,-1,-1,-1,-1
992,3,153,70,31,24,-1,-1,-1,-1
992,59,56,71,26,14,-1,-1,-1,-1
993,1,196,65,67,50,-1,-1,-1,-1
993,3,153,70,31,24,-1,-1,-1,-1
993,59,53,71,26,14,-1,-1,-1,-1
993,65,27,70,19,15,-1,-1,-1,-1
994,1,196,65,67,50,-1,-1,-1,-1
994,3,152,71,32,23,-1,-1,-1,-1
994,59,49,71,26,14,-1,-1,-1,-1
994,65,25,70,20,16,-1,-1,-1,-1
995,1,196,65,66,50,-1,-1,-1,-1
995,3,152,71,32,23,-1,-1,-1,-1
995,59,47,71,24,14,-1,-1,-1,-1
995,65,22,69,20,16,-1,-1,-1,-1
996,1,196,65,66,50,-1,-1,-1,-1
996,3,152,70,33,25,-1,-1,-1,-1
996,59,43,71,25,14,-1,-1,-1,-1
996,65,18,69,20,16,-1,-1,-1,-1
997,1,196,65,67,50,-1,-1,-1,-1
997,3,151,69,33,25,-1,-1,-1,-1
997,65,16,69,20,16,-1,-1,-1,-1
998,1,195,65,68,50,-1,-1,-1,-1
998,3,151,70,32,24,-1,-1,-1,-1
999,1,196,64,66,50,-1,-1,-1,-1
999,3,151,70,33,24,-1,-1,-1,-1
999,66,263,74,18,12,-1,-1,-1,-1
1000,1,195,65,67,51,-1,-1,-1,-1
1000,3,151,71,33,25,-1,-1,-1,-1
1000,66,264,75,17,12,-1,-1,-1,-1
1001,1,194,65,68,51,-1,-1,-1,-1
1001,3,151,71,33,25,-1,-1,-1,-1
1001,66,265,75,17,12,-1,-1,-1,-1
1002,1,194,65,67,51,-1,-1,-1,-1
1002,3,151,71,33,25,-1,-1,-1,-1
1002,66,266,75,18,12,-1,-1,-1,-1
1003,1,193,64,69,52,-1,-1,-1,-1
1003,3,151,70,33,25,-1,-1,-1,-1
1003,66,264,75,20,12,-1,-1,-1,-1
1004,1,193,64,68,52,-1,-1,-1,-1
1004,3,151,70,32,25,-1,-1,-1,-1
1004,66,265,74,19,12,-1,-1,-1,-1
1005,1,193,64,68,51,-1,-1,-1,-1
1005,3,152,70,31,24,-1,-1,-1,-1
1005,66,267,74,20,12,-1,-1,-1,-1
1006,1,193,64,68,51,-1,-1,-1,-1
1006,3,152,70,31,23,-1,-1,-1,-1
1006,56,133,74,15,8,-1,-1,-1,-1
1006,66,268,74,21,12,-1,-1,-1,-1
1007,1,192,63,69,52,-1,-1,-1,-1
1007,3,151,69,33,24,-1,-1,-1,-1
1007,56,133,75,15,7,-1,-1,-1,-1
1007,66,269,73,21,13,-1,-1,-1,-1
1008,1,192,63,69,51,-1,-1,-1,-1
1008,3,151,69,33,24,-1,-1,-1,-1
1009,1,192,63,68,51,-1,-1,-1,-1
1009,3,151,68,33,25,-1,-1,-1,-1
1010,1,191,63,69,51,-1,-1,-1,-1
1010,3,151,68,33,25,-1,-1,-1,-1
1011,1,191,63,69,52,-1,-1,-1,-1
1011,3,150,69,34,25,-1,-1,-1,-1
1012,1,190,63,70,52,-1,-1,-1,-1
1012,3,150,69,33,25,-1,-1,-1,-1
1013,1,190,63,70,52,-1,-1,-1,-1
1013,3,150,68,34,26,-1,-1,-1,-1
1013,71,273,74,32,12,-1,-1,-1,-1
1014,1,190,63,69,53,-1,-1,-1,-1
1014,3,150,68,34,26,-1,-1,-1,-1
1014,71,275,74,32,12,-1,-1,-1,-1
1014,72,119,74,12,10,-1,-1,-1,-1
1015,1,188,63,71,53,-1,-1,-1,-1
1015,3,150,68,34,26,-1,-1,-1,-1
1015,71,277,74,30,11,-1,-1,-1,-1
1015,72,117,74,14,10,-1,-1,-1,-1
1016,1,188,63,70,53,-1,-1,-1,-1
1016,3,150,68,34,26,-1,-1,-1,-1
1016,71,278,74,29,11,-1,-1,-1,-1
1016,72,115,74,13,10,-1,-1,-1,-1
1017,1,188,63,71,53,-1,-1,-1,-1
1017,3,150,68,34,25,-1,-1,-1,-1
1017,72,114,73,13,10,-1,-1,-1,-1
1018,1,187,62,71,53,-1,-1,-1,-1
1018,3,151,67,32,25,-1,-1,-1,-1
1018,72,112,73,13,10,-1,-1,-1,-1
1019,1,186,61,72,54,-1,-1,-1,-1
1019,3,150,66,34,26,-1,-1,-1,-1
