2,1,21,86,72,58,-1,-1,-1,-1
2,2,237,78,81,67,-1,-1,-1,-1
2,3,207,92,37,27,-1,-1,-1,-1
3,1,21,86,72,58,-1,-1,-1,-1
3,2,237,77,82,68,-1,-1,-1,-1
3,3,207,92,35,26,-1,-1,-1,-1
4,1,22,87,71,56,-1,-1,-1,-1
4,2,237,78,82,67,-1,-1,-1,-1
4,3,207,92,36,26,-1,-1,-1,-1
5,1,22,87,71,56,-1,-1,-1,-1
5,2,237,78,82,68,-1,-1,-1,-1
5,3,207,92,36,26,-1,-1,-1,-1
6,1,22,87,70,56,-1,-1,-1,-1
6,2,238,77,81,67,-1,-1,-1,-1
6,3,206,92,37,26,-1,-1,-1,-1
7,1,23,88,68,55,-1,-1,-1,-1
7,2,238,79,80,65,-1,-1,-1,-1
7,3,206,92,36,26,-1,-1,-1,-1
8,1,23,88,68,55,-1,-1,-1,-1
8,2,238,78,80,66,-1,-1,-1,-1
8,3,205,92,36,26,-1,-1,-1,-1
9,1,23,87,68,56,-1,-1,-1,-1
9,2,237,76,82,68,-1,-1,-1,-1
9,3,203,91,37,27,-1,-1,-1,-1
10,1,23,87,68,55,-1,-1,-1,-1
10,2,236,76,83,67,-1,-1,-1,-1
10,3,202,91,38,26,-1,-1,-1,-1
11,1,23,87,68,55,-1,-1,-1,-1
11,2,237,75,82,68,-1,-1,-1,-1
11,3,204,90,37,27,-1,-1,-1,-1
12,1,24,86,67,55,-1,-1,-1,-1
12,2,237,75,82,68,-1,-1,-1,-1
12,3,202,90,39,27,-1,-1,-1,-1
13,1,25,85,67,54,-1,-1,-1,-1
13,2,237,75,81,66,-1,-1,-1,-1
13,3,202,89,38,26,-1,-1,-1,-1
14,1,25,85,66,54,-1,-1,-1,-1
14,2,237,74,82,67,-1,-1,-1,-1
14,3,202,89,37,25,-1,-1,-1,-1
15,1,25,84,66,53,-1,-1,-1,-1
15,2,237,72,82,68,-1,-1,-1,-1
15,3,202,88,36,25,-1,-1,-1,-1
16,1,26,84,64,52,-1,-1,-1,-1
16,2,238,72,81,66,-1,-1,-1,-1
16,3,201,87,37,25,-1,-1,-1,-1
17,1,26,83,65,52,-1,-1,-1,-1
17,2,237,71,82,67,-1,-1,-1,-1
17,3,201,86,37,26,-1,-1,-1,-1
18,1,27,82,64,53,-1,-1,-1,-1
18,2,238,71,81,66,-1,-1,-1,-1
18,3,200,86,37,25,-1,-1,-1,-1
19,1,28,83,64,52,-1,-1,-1,-1
19,2,238,71,80,65,-1,-1,-1,-1
19,3,199,86,37,25,-1,-1,-1,-1
20,1,28,83,64,52,-1,-1,-1,-1
20,2,240,71,79,67,-1,-1,-1,-1
20,3,199,87,37,25,-1,-1,-1,-1
21,1,28,83,64,52,-1,-1,-1,-1
21,2,239,72,80,65,-1,-1,-1,-1
21,3,198,87,38,25,-1,-1,-1,-1
22,1,29,83,63,51,-1,-1,-1,-1
22,2,238,72,80,65,-1,-1,-1,-1
22,3,196,87,39,25,-1,-1,-1,-1
23,1,29,83,64,52,-1,-1,-1,-1
23,2,237,72,82,66,-1,-1,-1,-1
23,3,196,88,38,24,-1,-1,-1,-1
24,1,30,83,63,52,-1,-1,-1,-1
24,2,236,72,81,66,-1,-1,-1,-1
24,3,196,88,37,24,-1,-1,-1,-1
25,1,31,84,62,51,-1,-1,-1,-1
25,2,236,72,82,66,-1,-1,-1,-1
25,3,194,88,37,24,-1,-1,-1,-1
26,1,32,84,61,50,-1,-1,-1,-1
26,2,235,72,83,66,-1,-1,-1,-1
26,3,194,88,38,24,-1,-1,-1,-1
27,1,32,84,61,49,-1,-1,-1,-1
27,2,235,72,83,66,-1,-1,-1,-1
27,3,193,88,39,24,-1,-1,-1,-1
28,1,33,84,60,49,-1,-1,-1,-1
28,2,234,72,83,66,-1,-1,-1,-1
28,3,193,88,38,24,-1,-1,-1,-1
29,1,33,85,61,48,-1,-1,-1,-1
29,2,234,72,83,66,-1,-1,-1,-1
29,3,193,88,37,24,-1,-1,-1,-1
30,1,34,85,60,48,-1,-1,-1,-1
30,2,234,72,83,65,-1,-1,-1,-1
30,3,192,88,38,24,-1,-1,-1,-1
31,1,35,85,60,48,-1,-1,-1,-1
31,2,234,73,83,64,-1,-1,-1,-1
31,3,191,88,38,24,-1,-1,-1,-1
32,1,36,85,59,48,-1,-1,-1,-1
32,2,235,73,83,64,-1,-1,-1,-1
32,3,191,88,37,24,-1,-1,-1,-1
33,1,37,85,58,47,-1,-1,-1,-1
33,2,234,74,83,63,-1,-1,-1,-1
33,3,189,88,38,24,-1,-1,-1,-1
34,1,37,85,59,47,-1,-1,-1,-1
34,2,235,75,81,62,-1,-1,-1,-1
34,3,189,88,38,25,-1,-1,-1,-1
35,1,39,86,57,46,-1,-1,-1,-1
35,2,234,74,83,63,-1,-1,-1,-1
35,3,188,89,38,24,-1,-1,-1,-1
36,1,39,85,57,46,-1,-1,-1,-1
36,2,234,74,84,63,-1,-1,-1,-1
36,3,187,88,38,25,-1,-1,-1,-1
37,1,40,85,57,45,-1,-1,-1,-1
37,2,234,73,84,63,-1,-1,-1,-1
37,3,186,88,39,24,-1,-1,-1,-1
38,1,40,83,58,46,-1,-1,-1,-1
38,2,233,73,84,63,-1,-1,-1,-1
38,3,186,87,38,24,-1,-1,-1,-1
39,1,41,82,57,46,-1,-1,-1,-1
39,2,232,71,85,62,-1,-1,-1,-1
39,3,186,86,36,23,-1,-1,-1,-1
40,1,41,81,57,46,-1,-1,-1,-1
40,2,233,71,84,62,-1,-1,-1,-1
40,3,185,85,37,24,-1,-1,-1,-1
41,1,41,81,57,45,-1,-1,-1,-1
41,2,232,70,85,62,-1,-1,-1,-1
41,3,184,84,37,23,-1,-1,-1,-1
42,1,43,80,56,45,-1,-1,-1,-1
42,2,232,70,85,62,-1,-1,-1,-1
42,3,183,83,37,24,-1,-1,-1,-1
43,1,43,80,56,45,-1,-1,-1,-1
43,2,231,70,86,62,-1,-1,-1,-1
43,3,182,83,37,24,-1,-1,-1,-1
44,1,44,81,55,44,-1,-1,-1,-1
44,2,231,71,86,62,-1,-1,-1,-1
44,3,182,84,36,23,-1,-1,-1,-1
45,1,45,83,55,44,-1,-1,-1,-1
45,2,231,73,87,62,-1,-1,-1,-1
45,3,180,85,38,24,-1,-1,-1,-1
46,1,45,85,55,43,-1,-1,-1,-1
46,2,231,73,86,62,-1,-1,-1,-1
46,3,180,87,37,23,-1,-1,-1,-1
47,1,45,86,55,43,-1,-1,-1,-1
47,2,231,75,87,63,-1,-1,-1,-1
47,3,179,88,37,24,-1,-1,-1,-1
48,1,46,86,54,43,-1,-1,-1,-1
48,2,231,77,86,61,-1,-1,-1,-1
48,3,178,89,37,23,-1,-1,-1,-1
49,1,45,87,55,42,-1,-1,-1,-1
49,2,231,77,86,62,-1,-1,-1,-1
49,3,177,89,37,24,-1,-1,-1,-1
50,1,45,87,55,43,-1,-1,-1,-1
50,2,230,78,87,61,-1,-1,-1,-1
50,3,176,90,37,23,-1,-1,-1,-1
51,1,46,87,54,43,-1,-1,-1,-1
51,2,230,78,88,62,-1,-1,-1,-1
51,3,176,90,36,23,-1,-1,-1,-1
52,1,46,87,54,42,-1,-1,-1,-1
52,2,230,77,88,62,-1,-1,-1,-1
52,3,175,90,36,23,-1,-1,-1,-1
53,1,46,86,53,42,-1,-1,-1,-1
53,2,228,76,89,62,-1,-1,-1,-1
53,3,172,88,37,24,-1,-1,-1,-1
54,1,47,86,52,42,-1,-1,-1,-1
54,2,228,76,89,62,-1,-1,-1,-1
54,3,171,88,36,23,-1,-1,-1,-1
55,1,47,86,52,41,-1,-1,-1,-1
55,2,229,76,89,62,-1,-1,-1,-1
55,3,170,88,35,23,-1,-1,-1,-1
56,1,47,86,52,42,-1,-1,-1,-1
56,2,228,76,90,62,-1,-1,-1,-1
56,3,168,88,35,23,-1,-1,-1,-1
57,1,47,87,52,41,-1,-1,-1,-1
57,2,227,77,91,62,-1,-1,-1,-1
57,3,168,89,35,22,-1,-1,-1,-1
58,1,47,87,52,41,-1,-1,-1,-1
58,2,227,77,90,62,-1,-1,-1,-1
58,3,167,89,35,22,-1,-1,-1,-1
59,1,48,88,51,41,-1,-1,-1,-1
59,2,226,78,91,62,-1,-1,-1,-1
59,3,166,90,35,22,-1,-1,-1,-1
60,1,48,89,50,40,-1,-1,-1,-1
60,2,226,78,91,62,-1,-1,-1,-1
60,3,166,90,35,22,-1,-1,-1,-1
61,1,49,89,50,40,-1,-1,-1,-1
61,2,224,78,93,63,-1,-1,-1,-1
61,3,164,91,36,22,-1,-1,-1,-1
62,1,49,90,49,40,-1,-1,-1,-1
62,2,225,79,92,62,-1,-1,-1,-1
62,3,164,91,35,22,-1,-1,-1,-1
63,1,49,90,49,40,-1,-1,-1,-1
63,2,224,79,93,63,-1,-1,-1,-1
63,3,163,91,35,22,-1,-1,-1,-1
64,1,49,90,49,40,-1,-1,-1,-1
64,2,224,80,92,62,-1,-1,-1,-1
64,3,162,91,35,22,-1,-1,-1,-1
65,1,49,90,49,40,-1,-1,-1,-1
65,2,224,80,93,62,-1,-1,-1,-1
65,3,161,91,35,22,-1,-1,-1,-1
66,1,49,89,49,40,-1,-1,-1,-1
66,2,223,80,93,61,-1,-1,-1,-1
66,3,160,91,35,21,-1,-1,-1,-1
67,1,49,88,49,40,-1,-1,-1,-1
67,2,222,79,93,62,-1,-1,-1,-1
67,3,159,90,36,22,-1,-1,-1,-1
68,1,49,88,49,40,-1,-1,-1,-1
68,2,222,78,93,61,-1,-1,-1,-1
68,3,158,89,35,22,-1,-1,-1,-1
69,1,49,88,50,39,-1,-1,-1,-1
69,2,222,78,93,61,-1,-1,-1,-1
69,3,157,89,34,21,-1,-1,-1,-1
70,1,49,87,50,40,-1,-1,-1,-1
70,2,222,78,94,61,-1,-1,-1,-1
70,3,156,88,36,22,-1,-1,-1,-1
71,1,51,87,48,38,-1,-1,-1,-1
71,2,221,78,93,60,-1,-1,-1,-1
71,3,156,88,34,21,-1,-1,-1,-1
72,1,50,86,49,39,-1,-1,-1,-1
72,2,221,77,93,61,-1,-1,-1,-1
72,3,155,87,35,22,-1,-1,-1,-1
73,1,51,86,47,38,-1,-1,-1,-1
73,2,220,77,93,60,-1,-1,-1,-1
73,3,155,87,34,21,-1,-1,-1,-1
74,1,51,86,48,38,-1,-1,-1,-1
74,2,219,76,94,61,-1,-1,-1,-1
74,3,154,87,34,21,-1,-1,-1,-1
75,1,51,85,47,38,-1,-1,-1,-1
75,2,216,76,92,60,-1,-1,-1,-1
75,3,154,86,33,21,-1,-1,-1,-1
76,1,51,86,47,38,-1,-1,-1,-1
76,2,216,76,92,61,-1,-1,-1,-1
76,3,153,87,34,22,-1,-1,-1,-1
77,1,52,86,47,37,-1,-1,-1,-1
77,2,213,77,91,60,-1,-1,-1,-1
77,3,153,87,34,22,-1,-1,-1,-1
78,1,53,85,45,37,-1,-1,-1,-1
78,2,214,77,88,60,-1,-1,-1,-1
78,3,152,87,33,21,-1,-1,-1,-1
79,1,53,85,45,37,-1,-1,-1,-1
79,2,213,77,86,59,-1,-1,-1,-1
79,3,151,87,33,21,-1,-1,-1,-1
80,1,54,85,45,36,-1,-1,-1,-1
80,2,213,77,84,59,-1,-1,-1,-1
80,3,150,86,34,21,-1,-1,-1,-1
81,1,53,85,45,36,-1,-1,-1,-1
81,2,211,77,84,58,-1,-1,-1,-1
81,3,148,86,35,21,-1,-1,-1,-1
82,1,54,84,45,37,-1,-1,-1,-1
82,2,209,76,83,59,-1,-1,-1,-1
82,3,148,85,34,21,-1,-1,-1,-1
83,1,54,83,45,37,-1,-1,-1,-1
83,2,208,76,82,59,-1,-1,-1,-1
83,3,148,84,33,21,-1,-1,-1,-1
84,1,55,83,44,36,-1,-1,-1,-1
84,3,147,84,34,21,-1,-1,-1,-1
85,1,55,83,44,36,-1,-1,-1,-1
85,3,146,84,34,21,-1,-1,-1,-1
86,1,55,84,44,36,-1,-1,-1,-1
86,3,146,85,33,21,-1,-1,-1,-1
87,1,56,84,43,36,-1,-1,-1,-1
87,3,145,85,34,21,-1,-1,-1,-1
88,1,55,84,44,36,-1,-1,-1,-1
88,3,145,85,33,21,-1,-1,-1,-1
89,1,56,84,43,36,-1,-1,-1,-1
89,3,144,85,34,21,-1,-1,-1,-1
90,1,55,84,44,36,-1,-1,-1,-1
90,3,144,85,33,21,-1,-1,-1,-1
91,1,55,84,44,36,-1,-1,-1,-1
91,3,143,85,33,20,-1,-1,-1,-1
92,1,55,84,44,36,-1,-1,-1,-1
92,3,143,85,32,20,-1,-1,-1,-1
93,1,56,83,43,36,-1,-1,-1,-1
93,3,142,84,32,20,-1,-1,-1,-1
94,1,55,83,44,36,-1,-1,-1,-1
94,3,143,84,31,20,-1,-1,-1,-1
95,1,56,83,42,35,-1,-1,-1,-1
95,3,142,84,32,20,-1,-1,-1,-1
96,1,57,83,42,35,-1,-1,-1,-1
96,3,140,84,33,20,-1,-1,-1,-1
97,1,56,83,42,35,-1,-1,-1,-1
97,3,139,84,33,20,-1,-1,-1,-1
98,1,56,83,42,35,-1,-1,-1,-1
98,3,138,83,34,21,-1,-1,-1,-1
99,1,56,83,42,35,-1,-1,-1,-1
99,3,138,84,33,20,-1,-1,-1,-1
100,1,56,83,42,35,-1,-1,-1,-1
100,2,235,73,80,61,-1,-1,-1,-1
100,3,137,84,34,20,-1,-1,-1,-1
101,1,56,83,42,34,-1,-1,-1,-1
101,2,215,73,93,68,-1,-1,-1,-1
101,3,137,84,33,20,-1,-1,-1,-1
102,1,56,83,42,34,-1,-1,-1,-1
102,2,225,74,83,63,-1,-1,-1,-1
102,3,137,84,32,20,-1,-1,-1,-1
103,1,56,83,42,34,-1,-1,-1,-1
103,2,225,74,84,63,-1,-1,-1,-1
103,3,135,84,34,21,-1,-1,-1,-1
104,1,57,83,40,34,-1,-1,-1,-1
104,2,226,74,81,61,-1,-1,-1,-1
104,3,136,84,32,21,-1,-1,-1,-1
105,1,56,83,41,33,-1,-1,-1,-1
105,2,226,74,80,59,-1,-1,-1,-1
105,3,134,83,33,21,-1,-1,-1,-1
106,1,56,81,41,33,-1,-1,-1,-1
106,2,224,73,80,58,-1,-1,-1,-1
106,3,134,82,32,20,-1,-1,-1,-1
107,1,56,80,41,33,-1,-1,-1,-1
107,2,223,71,80,59,-1,-1,-1,-1
107,3,133,81,32,20,-1,-1,-1,-1
108,1,56,78,40,33,-1,-1,-1,-1
108,2,219,70,83,59,-1,-1,-1,-1
108,3,133,79,32,20,-1,-1,-1,-1
109,1,55,76,41,33,-1,-1,-1,-1
109,2,218,68,82,58,-1,-1,-1,-1
109,3,132,77,33,21,-1,-1,-1,-1
110,1,55,76,41,32,-1,-1,-1,-1
110,2,217,68,83,57,-1,-1,-1,-1
110,3,131,77,33,20,-1,-1,-1,-1
111,1,55,75,41,33,-1,-1,-1,-1
111,2,216,67,84,58,-1,-1,-1,-1
111,3,132,76,32,21,-1,-1,-1,-1
112,1,55,75,41,33,-1,-1,-1,-1
112,3,131,76,32,21,-1,-1,-1,-1
113,1,56,75,40,32,-1,-1,-1,-1
113,2,214,69,85,58,-1,-1,-1,-1
113,3,131,77,30,19,-1,-1,-1,-1
114,1,56,76,40,32,-1,-1,-1,-1
114,2,213,69,86,57,-1,-1,-1,-1
114,3,129,77,29,19,-1,-1,-1,-1
115,1,56,77,40,32,-1,-1,-1,-1
115,2,212,70,87,58,-1,-1,-1,-1
115,3,127,78,30,20,-1,-1,-1,-1
116,1,55,78,41,32,-1,-1,-1,-1
116,2,213,72,87,57,-1,-1,-1,-1
116,3,127,80,29,19,-1,-1,-1,-1
117,1,54,79,41,32,-1,-1,-1,-1
117,2,211,72,88,59,-1,-1,-1,-1
117,3,126,81,28,19,-1,-1,-1,-1
118,1,54,80,40,31,-1,-1,-1,-1
118,2,208,74,90,59,-1,-1,-1,-1
118,3,125,83,27,19,-1,-1,-1,-1
119,1,53,82,40,31,-1,-1,-1,-1
119,2,209,76,89,59,-1,-1,-1,-1
119,3,125,84,26,19,-1,-1,-1,-1
120,1,53,82,40,31,-1,-1,-1,-1
120,2,209,78,88,57,-1,-1,-1,-1
120,3,125,84,27,20,-1,-1,-1,-1
121,1,52,83,41,31,-1,-1,-1,-1
121,2,209,79,89,57,-1,-1,-1,-1
121,3,124,85,27,20,-1,-1,-1,-1
122,1,52,83,40,32,-1,-1,-1,-1
122,2,208,79,89,57,-1,-1,-1,-1
123,1,52,83,40,32,-1,-1,-1,-1
123,2,206,78,91,58,-1,-1,-1,-1
124,1,51,82,41,32,-1,-1,-1,-1
124,2,205,77,92,58,-1,-1,-1,-1
125,1,51,82,40,31,-1,-1,-1,-1
125,2,205,76,92,58,-1,-1,-1,-1
126,1,52,81,39,31,-1,-1,-1,-1
126,2,203,74,94,59,-1,-1,-1,-1
127,1,51,80,40,31,-1,-1,-1,-1
127,2,204,74,92,58,-1,-1,-1,-1
128,1,51,79,40,32,-1,-1,-1,-1
128,2,205,73,93,59,-1,-1,-1,-1
129,1,50,79,40,31,-1,-1,-1,-1
129,2,203,72,93,59,-1,-1,-1,-1
130,1,50,78,40,32,-1,-1,-1,-1
130,2,202,72,94,59,-1,-1,-1,-1
131,1,50,78,40,31,-1,-1,-1,-1
131,2,202,72,93,59,-1,-1,-1,-1
132,1,50,78,39,31,-1,-1,-1,-1
132,2,201,72,94,59,-1,-1,-1,-1
133,1,49,79,40,31,-1,-1,-1,-1
133,2,200,73,94,58,-1,-1,-1,-1
134,1,49,79,40,31,-1,-1,-1,-1
134,2,201,73,93,58,-1,-1,-1,-1
135,1,49,80,39,30,-1,-1,-1,-1
135,2,200,73,93,58,-1,-1,-1,-1
136,1,49,81,38,29,-1,-1,-1,-1
136,2,199,73,94,58,-1,-1,-1,-1
137,1,49,81,37,29,-1,-1,-1,-1
137,2,198,73,94,58,-1,-1,-1,-1
138,1,49,81,37,29,-1,-1,-1,-1
138,2,197,73,95,58,-1,-1,-1,-1
139,1,48,81,38,28,-1,-1,-1,-1
139,2,197,73,95,58,-1,-1,-1,-1
140,1,47,80,39,30,-1,-1,-1,-1
140,2,197,72,94,59,-1,-1,-1,-1
141,1,47,80,39,30,-1,-1,-1,-1
141,2,196,72,95,59,-1,-1,-1,-1
142,1,46,80,39,30,-1,-1,-1,-1
142,2,196,71,94,59,-1,-1,-1,-1
143,2,195,71,94,59,-1,-1,-1,-1
143,15,133,81,12,16,-1,-1,-1,-1
144,1,46,79,37,30,-1,-1,-1,-1
144,2,195,71,94,59,-1,-1,-1,-1
144,15,133,83,11,15,-1,-1,-1,-1
145,1,45,79,38,29,-1,-1,-1,-1
145,2,194,71,94,59,-1,-1,-1,-1
145,15,132,83,12,15,-1,-1,-1,-1
146,1,45,79,37,29,-1,-1,-1,-1
146,2,193,71,94,59,-1,-1,-1,-1
146,15,130,80,14,18,-1,-1,-1,-1
147,1,45,79,38,29,-1,-1,-1,-1
147,2,193,71,94,59,-1,-1,-1,-1
147,3,127,86,18,14,-1,-1,-1,-1
147,15,129,79,14,20,-1,-1,-1,-1
148,1,45,79,37,29,-1,-1,-1,-1
148,2,193,72,93,58,-1,-1,-1,-1
148,3,127,86,18,13,-1,-1,-1,-1
148,15,128,81,15,19,-1,-1,-1,-1
149,1,44,79,37,29,-1,-1,-1,-1
149,2,193,73,92,57,-1,-1,-1,-1
149,15,128,83,14,17,-1,-1,-1,-1
150,1,44,79,37,29,-1,-1,-1,-1
150,2,192,73,93,58,-1,-1,-1,-1
150,15,128,85,12,16,-1,-1,-1,-1
151,1,42,80,37,30,-1,-1,-1,-1
151,2,191,74,92,57,-1,-1,-1,-1
151,15,127,86,13,15,-1,-1,-1,-1
152,1,41,81,38,29,-1,-1,-1,-1
152,2,190,74,93,57,-1,-1,-1,-1
152,15,127,86,12,15,-1,-1,-1,-1
153,1,41,81,37,29,-1,-1,-1,-1
153,2,190,74,92,57,-1,-1,-1,-1
153,15,125,86,14,15,-1,-1,-1,-1
154,1,41,81,37,29,-1,-1,-1,-1
154,2,189,74,92,57,-1,-1,-1,-1
154,3,122,86,18,13,-1,-1,-1,-1
154,15,125,86,13,16,-1,-1,-1,-1
155,1,41,80,36,28,-1,-1,-1,-1
155,2,189,73,92,58,-1,-1,-1,-1
155,3,122,85,17,14,-1,-1,-1,-1
156,1,41,79,36,28,-1,-1,-1,-1
156,2,188,71,93,58,-1,-1,-1,-1
156,3,121,85,18,14,-1,-1,-1,-1
156,15,122,82,15,17,-1,-1,-1,-1
157,1,41,78,35,27,-1,-1,-1,-1
157,2,187,69,92,58,-1,-1,-1,-1
157,15,121,81,15,16,-1,-1,-1,-1
158,1,40,77,36,28,-1,-1,-1,-1
158,2,187,69,91,57,-1,-1,-1,-1
158,15,119,80,16,17,-1,-1,-1,-1
159,1,39,77,36,27,-1,-1,-1,-1
159,2,185,69,92,57,-1,-1,-1,-1
159,15,118,79,17,19,-1,-1,-1,-1
160,1,39,76,36,28,-1,-1,-1,-1
160,2,185,68,91,57,-1,-1,-1,-1
160,15,117,78,18,20,-1,-1,-1,-1
161,1,39,76,35,28,-1,-1,-1,-1
161,2,184,69,92,58,-1,-1,-1,-1
161,3,116,84,20,15,-1,-1,-1,-1
161,15,116,78,19,20,-1,-1,-1,-1
162,1,39,78,36,29,-1,-1,-1,-1
162,2,183,70,93,58,-1,-1,-1,-1
162,3,115,83,21,17,-1,-1,-1,-1
163,1,38,79,35,28,-1,-1,-1,-1
163,2,183,71,93,58,-1,-1,-1,-1
163,3,115,84,19,16,-1,-1,-1,-1
164,1,37,79,36,29,-1,-1,-1,-1
164,2,182,71,94,58,-1,-1,-1,-1
164,3,114,84,20,16,-1,-1,-1,-1
165,1,36,79,37,29,-1,-1,-1,-1
165,2,181,71,94,58,-1,-1,-1,-1
165,3,113,84,20,16,-1,-1,-1,-1
166,1,36,79,35,29,-1,-1,-1,-1
166,2,181,71,92,58,-1,-1,-1,-1
166,3,112,83,20,17,-1,-1,-1,-1
167,1,35,80,36,28,-1,-1,-1,-1
167,2,180,71,92,58,-1,-1,-1,-1
167,3,111,84,20,16,-1,-1,-1,-1
168,1,35,80,36,28,-1,-1,-1,-1
168,2,179,71,92,58,-1,-1,-1,-1
168,3,109,83,21,17,-1,-1,-1,-1
169,1,35,80,35,28,-1,-1,-1,-1
169,2,178,71,92,58,-1,-1,-1,-1
169,3,108,83,21,18,-1,-1,-1,-1
170,1,34,80,35,28,-1,-1,-1,-1
170,2,178,71,92,58,-1,-1,-1,-1
170,3,109,83,20,18,-1,-1,-1,-1
171,1,34,80,35,28,-1,-1,-1,-1
171,2,177,71,92,57,-1,-1,-1,-1
171,3,109,83,20,17,-1,-1,-1,-1
172,1,35,80,33,27,-1,-1,-1,-1
172,2,177,70,92,58,-1,-1,-1,-1
172,3,108,85,20,15,-1,-1,-1,-1
173,1,34,81,34,26,-1,-1,-1,-1
173,2,177,70,91,58,-1,-1,-1,-1
173,3,108,85,20,15,-1,-1,-1,-1
174,1,34,81,33,26,-1,-1,-1,-1
174,2,175,70,93,59,-1,-1,-1,-1
174,3,107,86,19,15,-1,-1,-1,-1
175,1,33,81,34,26,-1,-1,-1,-1
175,2,175,70,92,59,-1,-1,-1,-1
175,3,105,84,21,17,-1,-1,-1,-1
175,19,63,88,21,18,-1,-1,-1,-1
176,1,32,81,34,26,-1,-1,-1,-1
176,2,175,70,92,59,-1,-1,-1,-1
176,3,104,85,22,17,-1,-1,-1,-1
176,19,63,89,21,17,-1,-1,-1,-1
177,1,32,81,33,26,-1,-1,-1,-1
177,2,173,69,93,60,-1,-1,-1,-1
177,3,103,85,22,17,-1,-1,-1,-1
178,1,32,81,32,26,-1,-1,-1,-1
178,2,172,69,93,60,-1,-1,-1,-1
178,3,102,85,23,18,-1,-1,-1,-1
179,1,32,82,31,25,-1,-1,-1,-1
179,2,172,71,92,59,-1,-1,-1,-1
179,3,102,85,22,17,-1,-1,-1,-1
180,1,31,82,32,24,-1,-1,-1,-1
180,2,171,71,93,59,-1,-1,-1,-1
180,3,101,85,22,17,-1,-1,-1,-1
181,1,30,82,32,25,-1,-1,-1,-1
181,2,171,71,92,60,-1,-1,-1,-1
181,3,100,85,22,17,-1,-1,-1,-1
182,1,30,82,32,25,-1,-1,-1,-1
182,2,171,72,90,59,-1,-1,-1,-1
182,3,99,84,24,20,-1,-1,-1,-1
182,15,73,81,30,34,-1,-1,-1,-1
183,1,29,82,33,26,-1,-1,-1,-1
183,2,171,73,90,58,-1,-1,-1,-1
183,3,98,85,24,19,-1,-1,-1,-1
183,15,71,81,30,35,-1,-1,-1,-1
184,1,28,82,33,26,-1,-1,-1,-1
184,2,170,73,89,58,-1,-1,-1,-1
184,3,97,85,24,19,-1,-1,-1,-1
185,1,28,82,33,27,-1,-1,-1,-1
185,2,170,74,88,57,-1,-1,-1,-1
185,3,95,85,25,19,-1,-1,-1,-1
186,1,28,83,33,26,-1,-1,-1,-1
186,2,169,74,89,57,-1,-1,-1,-1
186,3,95,85,24,18,-1,-1,-1,-1
187,1,27,83,33,26,-1,-1,-1,-1
187,2,168,73,90,58,-1,-1,-1,-1
187,3,94,85,24,18,-1,-1,-1,-1
188,1,26,83,33,26,-1,-1,-1,-1
188,2,168,73,89,58,-1,-1,-1,-1
188,3,94,85,24,18,-1,-1,-1,-1
188,22,57,88,15,20,-1,-1,-1,-1
189,1,26,84,33,26,-1,-1,-1,-1
189,2,166,73,90,58,-1,-1,-1,-1
189,3,93,85,25,18,-1,-1,-1,-1
189,15,65,81,25,28,-1,-1,-1,-1
189,22,57,87,16,22,-1,-1,-1,-1
190,1,26,84,33,26,-1,-1,-1,-1
190,2,164,73,91,58,-1,-1,-1,-1
190,3,92,85,25,18,-1,-1,-1,-1
190,15,64,81,24,27,-1,-1,-1,-1
190,22,56,90,15,19,-1,-1,-1,-1
191,1,25,85,34,26,-1,-1,-1,-1
191,2,165,74,89,58,-1,-1,-1,-1
191,3,93,86,25,18,-1,-1,-1,-1
191,15,65,81,22,25,-1,-1,-1,-1
191,22,56,90,14,19,-1,-1,-1,-1
192,1,24,85,35,26,-1,-1,-1,-1
192,2,165,74,88,58,-1,-1,-1,-1
192,3,91,86,26,18,-1,-1,-1,-1
192,15,66,81,19,21,-1,-1,-1,-1
192,22,56,91,13,18,-1,-1,-1,-1
193,1,24,85,34,27,-1,-1,-1,-1
193,2,166,75,86,56,-1,-1,-1,-1
193,3,91,87,26,18,-1,-1,-1,-1
193,15,65,81,19,20,-1,-1,-1,-1
193,22,55,92,14,18,-1,-1,-1,-1
194,1,24,86,34,26,-1,-1,-1,-1
194,2,165,75,87,57,-1,-1,-1,-1
194,3,92,87,25,18,-1,-1,-1,-1
194,15,63,82,25,28,-1,-1,-1,-1
195,1,23,85,36,28,-1,-1,-1,-1
195,2,164,75,88,57,-1,-1,-1,-1
195,3,92,87,25,18,-1,-1,-1,-1
195,15,62,82,26,29,-1,-1,-1,-1
196,1,23,85,35,29,-1,-1,-1,-1
196,2,164,75,87,57,-1,-1,-1,-1
196,3,92,89,24,17,-1,-1,-1,-1
197,1,24,86,33,27,-1,-1,-1,-1
197,2,162,76,87,56,-1,-1,-1,-1
197,3,92,89,23,17,-1,-1,-1,-1
198,1,23,86,33,27,-1,-1,-1,-1
198,2,162,77,87,56,-1,-1,-1,-1
198,3,92,90,21,15,-1,-1,-1,-1
199,1,23,86,31,25,-1,-1,-1,-1
199,2,161,76,88,57,-1,-1,-1,-1
199,3,92,89,22,16,-1,-1,-1,-1
200,1,22,86,34,27,-1,-1,-1,-1
200,2,159,75,89,58,-1,-1,-1,-1
200,3,90,88,23,17,-1,-1,-1,-1
200,19,73,86,22,19,-1,-1,-1,-1
201,1,22,86,32,26,-1,-1,-1,-1
201,2,159,76,88,57,-1,-1,-1,-1
201,3,89,88,25,18,-1,-1,-1,-1
201,15,71,84,22,25,-1,-1,-1,-1
201,19,74,85,21,19,-1,-1,-1,-1
202,1,23,87,30,23,-1,-1,-1,-1
202,2,159,77,87,56,-1,-1,-1,-1
202,3,89,88,25,18,-1,-1,-1,-1
202,15,71,85,22,24,-1,-1,-1,-1
203,1,22,87,31,23,-1,-1,-1,-1
203,2,158,77,87,56,-1,-1,-1,-1
203,3,89,88,23,17,-1,-1,-1,-1
204,1,22,87,31,24,-1,-1,-1,-1
204,2,158,77,87,56,-1,-1,-1,-1
204,3,88,90,23,16,-1,-1,-1,-1
205,1,20,87,32,24,-1,-1,-1,-1
205,2,158,77,86,56,-1,-1,-1,-1
205,3,88,90,22,16,-1,-1,-1,-1
206,1,20,87,33,24,-1,-1,-1,-1
206,2,157,77,86,56,-1,-1,-1,-1
207,1,20,86,32,25,-1,-1,-1,-1
207,2,157,77,86,56,-1,-1,-1,-1
207,3,85,87,25,18,-1,-1,-1,-1
208,1,19,85,33,26,-1,-1,-1,-1
208,2,155,75,88,58,-1,-1,-1,-1
208,3,85,86,25,18,-1,-1,-1,-1
209,1,18,83,35,28,-1,-1,-1,-1
209,2,155,73,88,58,-1,-1,-1,-1
209,3,83,85,25,18,-1,-1,-1,-1
210,1,18,83,36,27,-1,-1,-1,-1
210,2,155,73,88,57,-1,-1,-1,-1
210,3,83,85,25,18,-1,-1,-1,-1
211,1,19,82,33,25,-1,-1,-1,-1
211,2,154,72,89,58,-1,-1,-1,-1
211,3,81,82,27,20,-1,-1,-1,-1
212,1,18,80,34,26,-1,-1,-1,-1
212,2,154,71,87,57,-1,-1,-1,-1
212,3,82,81,28,20,-1,-1,-1,-1
213,1,18,80,33,25,-1,-1,-1,-1
213,2,155,71,86,57,-1,-1,-1,-1
213,3,83,80,27,20,-1,-1,-1,-1
214,1,17,80,34,25,-1,-1,-1,-1
214,2,155,71,86,57,-1,-1,-1,-1
214,3,82,81,27,19,-1,-1,-1,-1
215,1,16,79,35,26,-1,-1,-1,-1
215,2,154,71,86,57,-1,-1,-1,-1
215,3,80,78,29,22,-1,-1,-1,-1
216,1,17,81,34,26,-1,-1,-1,-1
216,2,153,71,87,57,-1,-1,-1,-1
216,3,80,78,30,23,-1,-1,-1,-1
217,1,17,81,34,26,-1,-1,-1,-1
217,2,153,72,86,57,-1,-1,-1,-1
217,3,81,80,28,22,-1,-1,-1,-1
218,1,17,82,34,25,-1,-1,-1,-1
218,2,153,73,85,56,-1,-1,-1,-1
218,3,81,82,28,22,-1,-1,-1,-1
219,1,17,82,32,25,-1,-1,-1,-1
219,2,154,73,85,57,-1,-1,-1,-1
219,3,82,84,26,19,-1,-1,-1,-1
220,1,17,84,33,25,-1,-1,-1,-1
220,2,153,73,85,57,-1,-1,-1,-1
220,3,84,86,23,17,-1,-1,-1,-1
221,1,17,84,32,23,-1,-1,-1,-1
221,2,154,73,85,57,-1,-1,-1,-1
221,3,82,84,26,19,-1,-1,-1,-1
222,1,18,83,31,24,-1,-1,-1,-1
222,2,155,73,85,58,-1,-1,-1,-1
222,3,81,84,26,19,-1,-1,-1,-1
223,1,17,83,32,24,-1,-1,-1,-1
223,2,153,73,84,58,-1,-1,-1,-1
223,3,82,85,24,18,-1,-1,-1,-1
224,1,17,83,32,23,-1,-1,-1,-1
224,2,153,73,84,57,-1,-1,-1,-1
224,3,83,85,24,17,-1,-1,-1,-1
225,1,16,83,33,25,-1,-1,-1,-1
225,2,154,73,83,57,-1,-1,-1,-1
225,3,81,85,25,17,-1,-1,-1,-1
226,1,17,83,32,24,-1,-1,-1,-1
226,2,153,73,84,57,-1,-1,-1,-1
226,3,81,84,25,18,-1,-1,-1,-1
227,1,17,82,32,24,-1,-1,-1,-1
227,2,151,71,84,57,-1,-1,-1,-1
227,3,81,84,24,17,-1,-1,-1,-1
228,1,18,82,31,23,-1,-1,-1,-1
228,2,151,71,83,56,-1,-1,-1,-1
228,3,80,83,26,18,-1,-1,-1,-1
229,1,17,81,32,24,-1,-1,-1,-1
229,2,151,70,83,57,-1,-1,-1,-1
229,3,80,83,26,17,-1,-1,-1,-1
229,19,106,77,20,16,-1,-1,-1,-1
230,1,18,81,31,24,-1,-1,-1,-1
230,2,151,70,83,56,-1,-1,-1,-1
230,3,80,82,26,18,-1,-1,-1,-1
230,19,108,76,19,16,-1,-1,-1,-1
231,1,17,81,33,25,-1,-1,-1,-1
231,2,152,70,82,56,-1,-1,-1,-1
231,3,81,82,25,17,-1,-1,-1,-1
232,1,17,81,34,25,-1,-1,-1,-1
232,2,152,71,82,55,-1,-1,-1,-1
232,3,80,82,26,18,-1,-1,-1,-1
233,1,17,81,32,24,-1,-1,-1,-1
233,2,152,71,82,56,-1,-1,-1,-1
233,3,80,82,26,18,-1,-1,-1,-1
234,1,16,81,33,25,-1,-1,-1,-1
234,2,151,71,83,57,-1,-1,-1,-1
234,3,80,83,26,17,-1,-1,-1,-1
235,1,16,83,33,24,-1,-1,-1,-1
235,2,151,73,82,55,-1,-1,-1,-1
235,3,79,84,27,18,-1,-1,-1,-1
236,1,17,84,31,23,-1,-1,-1,-1
236,2,151,73,82,56,-1,-1,-1,-1
236,3,79,85,27,18,-1,-1,-1,-1
237,1,16,84,32,23,-1,-1,-1,-1
237,2,151,74,83,57,-1,-1,-1,-1
237,3,79,87,26,17,-1,-1,-1,-1
238,1,17,85,32,22,-1,-1,-1,-1
238,2,151,74,82,57,-1,-1,-1,-1
238,3,80,87,25,17,-1,-1,-1,-1
239,1,17,85,31,23,-1,-1,-1,-1
239,2,150,75,82,56,-1,-1,-1,-1
239,3,80,87,25,17,-1,-1,-1,-1
240,1,17,85,30,22,-1,-1,-1,-1
240,2,150,74,82,56,-1,-1,-1,-1
240,3,79,87,26,17,-1,-1,-1,-1
241,1,17,85,30,21,-1,-1,-1,-1
241,2,150,74,82,56,-1,-1,-1,-1
241,3,80,86,26,18,-1,-1,-1,-1
242,1,17,84,30,22,-1,-1,-1,-1
242,2,151,74,81,55,-1,-1,-1,-1
242,3,80,85,26,18,-1,-1,-1,-1
243,1,18,84,30,21,-1,-1,-1,-1
243,2,151,73,80,55,-1,-1,-1,-1
243,3,80,84,25,18,-1,-1,-1,-1
244,1,17,83,31,22,-1,-1,-1,-1
244,2,150,73,83,56,-1,-1,-1,-1
244,3,80,84,25,17,-1,-1,-1,-1
245,1,17,83,31,22,-1,-1,-1,-1
245,2,149,73,84,58,-1,-1,-1,-1
245,3,80,84,26,18,-1,-1,-1,-1
246,1,18,85,30,21,-1,-1,-1,-1
246,2,150,74,81,56,-1,-1,-1,-1
246,3,80,84,26,19,-1,-1,-1,-1
247,1,18,86,30,20,-1,-1,-1,-1
247,2,151,75,81,55,-1,-1,-1,-1
247,3,80,86,26,18,-1,-1,-1,-1
248,1,16,85,33,23,-1,-1,-1,-1
248,2,150,75,81,55,-1,-1,-1,-1
248,3,80,86,26,18,-1,-1,-1,-1
249,1,16,86,33,23,-1,-1,-1,-1
249,2,151,75,80,55,-1,-1,-1,-1
249,3,80,87,25,18,-1,-1,-1,-1
250,1,18,86,32,23,-1,-1,-1,-1
250,2,151,75,80,55,-1,-1,-1,-1
250,3,80,87,25,18,-1,-1,-1,-1
251,1,17,86,33,23,-1,-1,-1,-1
251,2,152,75,80,55,-1,-1,-1,-1
251,3,81,87,24,17,-1,-1,-1,-1
252,1,16,86,33,23,-1,-1,-1,-1
252,2,152,75,79,54,-1,-1,-1,-1
252,3,81,87,24,17,-1,-1,-1,-1
253,1,17,86,32,22,-1,-1,-1,-1
253,2,151,75,80,54,-1,-1,-1,-1
253,3,81,86,25,18,-1,-1,-1,-1
254,1,17,84,32,23,-1,-1,-1,-1
254,2,150,73,82,55,-1,-1,-1,-1
254,3,81,85,26,18,-1,-1,-1,-1
255,1,17,84,32,23,-1,-1,-1,-1
255,2,150,73,82,55,-1,-1,-1,-1
255,3,80,84,26,18,-1,-1,-1,-1
256,2,151,73,82,55,-1,-1,-1,-1
256,3,81,84,25,18,-1,-1,-1,-1
257,1,16,84,34,23,-1,-1,-1,-1
257,2,151,72,82,56,-1,-1,-1,-1
257,3,81,84,25,18,-1,-1,-1,-1
258,1,17,85,32,22,-1,-1,-1,-1
258,2,151,72,82,56,-1,-1,-1,-1
258,3,81,84,26,18,-1,-1,-1,-1
259,1,16,84,34,24,-1,-1,-1,-1
259,2,151,74,81,55,-1,-1,-1,-1
259,3,82,86,26,18,-1,-1,-1,-1
260,1,16,85,33,23,-1,-1,-1,-1
260,2,152,75,80,54,-1,-1,-1,-1
260,3,82,86,26,18,-1,-1,-1,-1
261,1,18,87,30,22,-1,-1,-1,-1
261,2,152,75,81,55,-1,-1,-1,-1
261,3,83,87,25,17,-1,-1,-1,-1
261,15,48,85,24,25,-1,-1,-1,-1
262,1,18,87,31,22,-1,-1,-1,-1
262,2,152,76,81,55,-1,-1,-1,-1
262,3,83,87,25,18,-1,-1,-1,-1
262,15,47,84,24,25,-1,-1,-1,-1
263,1,17,86,32,23,-1,-1,-1,-1
263,2,154,76,80,55,-1,-1,-1,-1
263,3,83,87,25,17,-1,-1,-1,-1
264,1,18,86,30,23,-1,-1,-1,-1
264,2,155,76,79,55,-1,-1,-1,-1
264,3,85,87,23,17,-1,-1,-1,-1
265,1,19,86,30,23,-1,-1,-1,-1
265,2,155,76,79,55,-1,-1,-1,-1
265,3,84,87,24,17,-1,-1,-1,-1
266,1,19,86,31,23,-1,-1,-1,-1
266,2,154,76,80,55,-1,-1,-1,-1
266,3,85,87,24,17,-1,-1,-1,-1
267,1,19,86,30,22,-1,-1,-1,-1
267,2,155,76,79,55,-1,-1,-1,-1
267,3,85,87,24,17,-1,-1,-1,-1
268,1,20,86,30,22,-1,-1,-1,-1
268,2,157,76,79,55,-1,-1,-1,-1
268,3,86,87,24,17,-1,-1,-1,-1
269,1,21,86,29,22,-1,-1,-1,-1
269,2,157,76,79,55,-1,-1,-1,-1
269,3,86,87,25,17,-1,-1,-1,-1
270,1,21,86,28,21,-1,-1,-1,-1
270,2,156,76,78,54,-1,-1,-1,-1
270,3,87,87,23,16,-1,-1,-1,-1
271,1,20,85,30,22,-1,-1,-1,-1
271,2,157,76,79,54,-1,-1,-1,-1
271,3,88,87,22,16,-1,-1,-1,-1
272,1,20,85,30,22,-1,-1,-1,-1
272,2,157,76,78,54,-1,-1,-1,-1
272,3,87,87,23,15,-1,-1,-1,-1
273,1,21,86,28,21,-1,-1,-1,-1
273,2,158,76,78,54,-1,-1,-1,-1
273,3,88,87,22,15,-1,-1,-1,-1
274,1,22,86,27,21,-1,-1,-1,-1
274,2,157,76,79,54,-1,-1,-1,-1
274,3,87,87,25,16,-1,-1,-1,-1
275,1,21,84,29,22,-1,-1,-1,-1
275,2,156,75,78,55,-1,-1,-1,-1
275,3,87,87,25,16,-1,-1,-1,-1
276,1,21,84,29,22,-1,-1,-1,-1
276,2,156,75,78,54,-1,-1,-1,-1
276,3,87,86,25,17,-1,-1,-1,-1
277,1,22,84,29,21,-1,-1,-1,-1
277,2,156,75,77,54,-1,-1,-1,-1
277,3,88,85,25,18,-1,-1,-1,-1
278,1,21,82,31,23,-1,-1,-1,-1
278,2,155,74,78,54,-1,-1,-1,-1
278,3,89,85,25,17,-1,-1,-1,-1
279,1,22,80,30,23,-1,-1,-1,-1
279,2,157,73,77,53,-1,-1,-1,-1
279,3,91,84,23,16,-1,-1,-1,-1
280,1,22,80,31,23,-1,-1,-1,-1
280,2,156,72,78,54,-1,-1,-1,-1
280,3,90,82,26,18,-1,-1,-1,-1
281,1,22,79,31,23,-1,-1,-1,-1
281,2,156,71,79,54,-1,-1,-1,-1
281,3,90,82,26,18,-1,-1,-1,-1
282,1,23,80,29,22,-1,-1,-1,-1
282,2,157,71,77,54,-1,-1,-1,-1
282,3,91,83,25,17,-1,-1,-1,-1
283,1,23,80,29,22,-1,-1,-1,-1
283,2,156,71,79,54,-1,-1,-1,-1
283,3,90,82,25,18,-1,-1,-1,-1
284,1,24,82,27,21,-1,-1,-1,-1
284,2,157,71,78,54,-1,-1,-1,-1
284,3,92,83,23,17,-1,-1,-1,-1
285,1,24,83,28,21,-1,-1,-1,-1
285,2,157,73,79,54,-1,-1,-1,-1
285,3,92,84,24,17,-1,-1,-1,-1
286,1,24,84,28,21,-1,-1,-1,-1
286,2,157,74,78,53,-1,-1,-1,-1
286,3,92,85,23,16,-1,-1,-1,-1
287,1,23,84,29,22,-1,-1,-1,-1
287,2,157,74,78,53,-1,-1,-1,-1
287,3,93,85,22,16,-1,-1,-1,-1
288,1,23,84,29,22,-1,-1,-1,-1
288,2,159,75,77,53,-1,-1,-1,-1
288,3,93,85,24,17,-1,-1,-1,-1
289,1,23,84,30,22,-1,-1,-1,-1
289,2,157,74,79,54,-1,-1,-1,-1
289,3,94,85,23,17,-1,-1,-1,-1
290,1,24,84,28,21,-1,-1,-1,-1
290,2,157,74,78,54,-1,-1,-1,-1
290,3,94,85,24,17,-1,-1,-1,-1
291,1,24,83,29,22,-1,-1,-1,-1
291,2,158,74,77,53,-1,-1,-1,-1
291,3,91,84,27,19,-1,-1,-1,-1
292,1,23,83,30,22,-1,-1,-1,-1
292,2,159,74,78,53,-1,-1,-1,-1
292,3,91,84,27,19,-1,-1,-1,-1
293,1,25,83,30,23,-1,-1,-1,-1
293,2,158,74,77,53,-1,-1,-1,-1
293,3,93,86,25,17,-1,-1,-1,-1
294,1,25,83,30,23,-1,-1,-1,-1
294,2,158,74,77,53,-1,-1,-1,-1
294,3,94,85,25,18,-1,-1,-1,-1
295,1,25,84,30,23,-1,-1,-1,-1
295,2,157,74,78,53,-1,-1,-1,-1
295,3,95,85,24,18,-1,-1,-1,-1
296,1,26,84,28,21,-1,-1,-1,-1
296,2,159,75,78,53,-1,-1,-1,-1
296,3,96,86,23,17,-1,-1,-1,-1
297,1,27,85,26,20,-1,-1,-1,-1
297,2,159,74,78,54,-1,-1,-1,-1
297,3,96,86,24,18,-1,-1,-1,-1
298,1,26,85,27,20,-1,-1,-1,-1
298,2,160,74,78,54,-1,-1,-1,-1
298,3,96,86,24,18,-1,-1,-1,-1
299,1,26,85,28,20,-1,-1,-1,-1
299,2,158,73,78,54,-1,-1,-1,-1
299,3,97,86,24,17,-1,-1,-1,-1
300,1,27,85,28,20,-1,-1,-1,-1
300,2,158,73,77,54,-1,-1,-1,-1
300,3,97,85,24,18,-1,-1,-1,-1
301,1,26,84,29,22,-1,-1,-1,-1
301,2,158,73,76,53,-1,-1,-1,-1
301,3,98,85,23,18,-1,-1,-1,-1
302,1,26,84,29,22,-1,-1,-1,-1
302,2,157,73,78,53,-1,-1,-1,-1
302,3,99,85,23,18,-1,-1,-1,-1
303,1,26,84,29,22,-1,-1,-1,-1
303,2,159,73,77,53,-1,-1,-1,-1
303,3,99,85,24,17,-1,-1,-1,-1
304,1,27,84,28,20,-1,-1,-1,-1
304,2,158,73,77,53,-1,-1,-1,-1
304,3,100,86,23,16,-1,-1,-1,-1
305,1,29,85,24,17,-1,-1,-1,-1
305,2,159,73,77,53,-1,-1,-1,-1
306,1,27,84,27,19,-1,-1,-1,-1
306,2,159,73,77,53,-1,-1,-1,-1
306,3,100,86,24,17,-1,-1,-1,-1
307,1,28,85,26,18,-1,-1,-1,-1
307,2,159,74,75,52,-1,-1,-1,-1
307,3,100,86,25,17,-1,-1,-1,-1
308,1,28,85,27,18,-1,-1,-1,-1
308,2,159,74,75,52,-1,-1,-1,-1
308,3,101,87,24,17,-1,-1,-1,-1
309,1,26,85,28,19,-1,-1,-1,-1
309,2,158,74,76,52,-1,-1,-1,-1
309,3,102,88,22,16,-1,-1,-1,-1
310,1,26,85,28,19,-1,-1,-1,-1
310,2,158,75,77,52,-1,-1,-1,-1
310,3,102,88,23,16,-1,-1,-1,-1
311,1,26,85,28,19,-1,-1,-1,-1
311,2,158,74,76,52,-1,-1,-1,-1
311,3,102,87,23,17,-1,-1,-1,-1
312,1,27,85,27,19,-1,-1,-1,-1
312,2,158,74,77,52,-1,-1,-1,-1
312,3,102,87,24,17,-1,-1,-1,-1
313,1,26,83,29,21,-1,-1,-1,-1
313,2,159,74,77,52,-1,-1,-1,-1
313,3,103,87,24,17,-1,-1,-1,-1
314,1,25,83,30,21,-1,-1,-1,-1
314,2,159,73,77,52,-1,-1,-1,-1
314,3,104,87,24,17,-1,-1,-1,-1
315,1,24,82,31,22,-1,-1,-1,-1
315,2,159,73,76,51,-1,-1,-1,-1
315,3,104,86,24,17,-1,-1,-1,-1
316,1,26,82,30,23,-1,-1,-1,-1
316,2,159,72,76,52,-1,-1,-1,-1
316,3,105,86,24,17,-1,-1,-1,-1
317,1,25,82,32,23,-1,-1,-1,-1
317,2,160,73,75,50,-1,-1,-1,-1
317,3,105,86,25,17,-1,-1,-1,-1
318,1,28,84,28,21,-1,-1,-1,-1
318,2,160,73,75,50,-1,-1,-1,-1
318,3,107,87,22,16,-1,-1,-1,-1
319,1,28,84,30,21,-1,-1,-1,-1
319,2,160,74,75,50,-1,-1,-1,-1
319,3,108,88,23,16,-1,-1,-1,-1
320,1,27,84,30,21,-1,-1,-1,-1
320,2,158,74,78,52,-1,-1,-1,-1
320,3,109,88,23,16,-1,-1,-1,-1
321,1,28,85,27,20,-1,-1,-1,-1
321,2,159,75,78,51,-1,-1,-1,-1
321,3,110,88,22,16,-1,-1,-1,-1
322,1,27,85,27,20,-1,-1,-1,-1
322,2,158,75,77,51,-1,-1,-1,-1
322,3,111,88,22,16,-1,-1,-1,-1
323,1,27,86,27,19,-1,-1,-1,-1
323,2,157,75,78,51,-1,-1,-1,-1
323,3,112,88,22,16,-1,-1,-1,-1
324,1,28,86,27,19,-1,-1,-1,-1
324,2,158,76,78,52,-1,-1,-1,-1
324,3,112,89,23,17,-1,-1,-1,-1
325,1,27,86,27,20,-1,-1,-1,-1
325,2,157,76,77,52,-1,-1,-1,-1
325,3,113,89,23,17,-1,-1,-1,-1
326,1,26,87,29,20,-1,-1,-1,-1
326,2,157,77,76,51,-1,-1,-1,-1
326,3,115,89,21,16,-1,-1,-1,-1
326,15,217,84,26,29,-1,-1,-1,-1
327,1,25,87,29,20,-1,-1,-1,-1
327,2,157,77,77,51,-1,-1,-1,-1
327,3,115,90,21,15,-1,-1,-1,-1
327,15,220,85,26,29,-1,-1,-1,-1
328,1,27,88,26,19,-1,-1,-1,-1
328,2,158,77,75,52,-1,-1,-1,-1
328,3,115,91,22,16,-1,-1,-1,-1
328,15,219,84,27,30,-1,-1,-1,-1
329,1,25,87,28,20,-1,-1,-1,-1
329,2,157,77,76,52,-1,-1,-1,-1
329,3,117,93,20,14,-1,-1,-1,-1
329,15,219,84,27,30,-1,-1,-1,-1
330,1,27,87,27,19,-1,-1,-1,-1
330,2,157,77,76,51,-1,-1,-1,-1
330,3,117,91,21,15,-1,-1,-1,-1
330,15,218,83,28,32,-1,-1,-1,-1
331,1,27,87,28,19,-1,-1,-1,-1
331,2,157,77,74,50,-1,-1,-1,-1
331,3,117,90,23,16,-1,-1,-1,-1
331,15,220,83,28,32,-1,-1,-1,-1
332,1,27,87,28,19,-1,-1,-1,-1
332,2,157,77,74,50,-1,-1,-1,-1
332,3,117,90,24,17,-1,-1,-1,-1
333,1,27,86,29,20,-1,-1,-1,-1
333,2,156,76,75,51,-1,-1,-1,-1
333,3,118,90,24,17,-1,-1,-1,-1
334,1,27,86,29,20,-1,-1,-1,-1
334,2,156,75,75,51,-1,-1,-1,-1
334,3,119,90,24,17,-1,-1,-1,-1
335,1,27,86,29,20,-1,-1,-1,-1
335,2,157,75,76,51,-1,-1,-1,-1
335,3,120,90,23,17,-1,-1,-1,-1
335,15,219,82,27,31,-1,-1,-1,-1
336,1,27,86,28,20,-1,-1,-1,-1
336,2,157,75,75,51,-1,-1,-1,-1
336,3,121,90,23,17,-1,-1,-1,-1
336,15,220,81,27,32,-1,-1,-1,-1
337,1,28,86,27,20,-1,-1,-1,-1
337,2,156,75,75,51,-1,-1,-1,-1
337,3,122,90,23,17,-1,-1,-1,-1
337,15,217,81,28,32,-1,-1,-1,-1
338,1,29,86,26,20,-1,-1,-1,-1
338,2,156,75,74,51,-1,-1,-1,-1
338,3,123,90,23,17,-1,-1,-1,-1
338,15,217,81,29,33,-1,-1,-1,-1
339,1,29,87,26,19,-1,-1,-1,-1
339,2,155,75,76,51,-1,-1,-1,-1
339,3,124,91,23,16,-1,-1,-1,-1
339,15,217,81,30,33,-1,-1,-1,-1
340,1,29,87,26,18,-1,-1,-1,-1
340,2,156,75,75,52,-1,-1,-1,-1
340,3,125,91,23,16,-1,-1,-1,-1
340,15,217,82,31,33,-1,-1,-1,-1
341,1,30,87,25,18,-1,-1,-1,-1
341,2,157,76,72,50,-1,-1,-1,-1
341,3,125,90,25,17,-1,-1,-1,-1
341,15,217,82,31,33,-1,-1,-1,-1
342,1,31,88,24,17,-1,-1,-1,-1
342,2,156,76,72,50,-1,-1,-1,-1
342,3,126,90,25,18,-1,-1,-1,-1
342,15,217,82,31,33,-1,-1,-1,-1
343,1,31,88,24,17,-1,-1,-1,-1
343,2,156,77,71,49,-1,-1,-1,-1
343,3,127,91,25,18,-1,-1,-1,-1
343,15,218,83,31,32,-1,-1,-1,-1
344,1,30,89,25,17,-1,-1,-1,-1
344,2,156,77,72,50,-1,-1,-1,-1
344,3,128,91,24,18,-1,-1,-1,-1
344,15,218,83,32,32,-1,-1,-1,-1
345,1,30,89,25,17,-1,-1,-1,-1
345,2,156,78,71,49,-1,-1,-1,-1
345,3,129,92,25,18,-1,-1,-1,-1
345,15,218,83,32,33,-1,-1,-1,-1
346,1,30,88,25,18,-1,-1,-1,-1
346,2,154,77,74,50,-1,-1,-1,-1
346,3,131,92,24,17,-1,-1,-1,-1
346,15,218,83,32,33,-1,-1,-1,-1
347,1,28,88,27,18,-1,-1,-1,-1
347,2,154,77,74,50,-1,-1,-1,-1
347,3,132,92,24,17,-1,-1,-1,-1
347,15,219,83,31,33,-1,-1,-1,-1
348,1,29,88,25,17,-1,-1,-1,-1
348,2,153,77,75,51,-1,-1,-1,-1
348,3,134,92,23,17,-1,-1,-1,-1
348,15,219,83,32,33,-1,-1,-1,-1
349,1,30,88,25,17,-1,-1,-1,-1
349,2,154,77,73,51,-1,-1,-1,-1
349,3,135,92,23,17,-1,-1,-1,-1
349,15,220,83,33,33,-1,-1,-1,-1
350,1,30,88,26,17,-1,-1,-1,-1
350,2,154,77,73,51,-1,-1,-1,-1
350,3,135,91,25,18,-1,-1,-1,-1
350,15,220,83,33,33,-1,-1,-1,-1
351,1,31,88,25,17,-1,-1,-1,-1
351,2,154,77,73,51,-1,-1,-1,-1
351,3,136,91,24,18,-1,-1,-1,-1
351,15,221,83,33,33,-1,-1,-1,-1
352,1,31,90,24,16,-1,-1,-1,-1
352,2,154,77,73,51,-1,-1,-1,-1
352,3,137,91,24,18,-1,-1,-1,-1
352,15,221,83,33,33,-1,-1,-1,-1
353,1,30,88,26,18,-1,-1,-1,-1
353,2,154,77,72,50,-1,-1,-1,-1
353,3,138,91,24,18,-1,-1,-1,-1
353,15,221,83,34,33,-1,-1,-1,-1
354,1,29,88,27,19,-1,-1,-1,-1
354,2,155,77,71,50,-1,-1,-1,-1
354,3,140,91,23,18,-1,-1,-1,-1
354,15,221,83,34,33,-1,-1,-1,-1
355,1,30,88,26,18,-1,-1,-1,-1
355,2,153,77,73,50,-1,-1,-1,-1
355,3,141,91,22,18,-1,-1,-1,-1
355,15,222,83,34,33,-1,-1,-1,-1
356,1,31,90,25,16,-1,-1,-1,-1
356,2,153,77,72,50,-1,-1,-1,-1
356,3,143,93,19,16,-1,-1,-1,-1
356,15,222,83,35,34,-1,-1,-1,-1
357,1,31,89,25,17,-1,-1,-1,-1
357,2,153,77,71,50,-1,-1,-1,-1
357,3,144,94,19,15,-1,-1,-1,-1
357,15,222,84,36,33,-1,-1,-1,-1
358,1,30,88,27,19,-1,-1,-1,-1
358,2,153,78,71,49,-1,-1,-1,-1
358,15,223,84,35,33,-1,-1,-1,-1
359,1,30,88,27,18,-1,-1,-1,-1
359,2,153,78,69,48,-1,-1,-1,-1
359,15,222,84,37,33,-1,-1,-1,-1
360,1,31,88,27,18,-1,-1,-1,-1
360,2,153,78,69,48,-1,-1,-1,-1
360,15,221,84,38,34,-1,-1,-1,-1
361,1,31,87,27,19,-1,-1,-1,-1
361,2,153,78,69,47,-1,-1,-1,-1
361,15,221,82,39,35,-1,-1,-1,-1
362,1,31,86,27,19,-1,-1,-1,-1
362,2,152,76,72,50,-1,-1,-1,-1
362,15,223,82,38,34,-1,-1,-1,-1
363,1,31,86,27,19,-1,-1,-1,-1
363,2,150,75,73,51,-1,-1,-1,-1
363,15,223,82,39,34,-1,-1,-1,-1
364,1,32,87,26,18,-1,-1,-1,-1
364,2,150,75,73,51,-1,-1,-1,-1
364,15,223,82,40,34,-1,-1,-1,-1
365,1,34,86,24,17,-1,-1,-1,-1
365,15,224,83,40,33,-1,-1,-1,-1
366,1,34,86,26,18,-1,-1,-1,-1
366,2,151,75,71,50,-1,-1,-1,-1
366,15,224,83,41,33,-1,-1,-1,-1
367,1,35,86,24,17,-1,-1,-1,-1
367,2,151,75,71,49,-1,-1,-1,-1
367,15,226,83,41,34,-1,-1,-1,-1
368,1,36,86,22,16,-1,-1,-1,-1
368,2,149,75,71,49,-1,-1,-1,-1
368,15,225,83,44,35,-1,-1,-1,-1
369,1,37,86,22,16,-1,-1,-1,-1
369,2,149,75,71,49,-1,-1,-1,-1
369,15,227,83,43,35,-1,-1,-1,-1
370,1,37,86,22,16,-1,-1,-1,-1
370,2,150,75,70,49,-1,-1,-1,-1
370,15,225,83,45,35,-1,-1,-1,-1
371,1,38,87,22,16,-1,-1,-1,-1
371,2,149,75,72,50,-1,-1,-1,-1
371,15,226,83,45,35,-1,-1,-1,-1
372,1,40,89,20,14,-1,-1,-1,-1
372,2,149,75,72,50,-1,-1,-1,-1
372,15,226,83,46,35,-1,-1,-1,-1
373,1,39,87,23,16,-1,-1,-1,-1
373,2,150,76,71,49,-1,-1,-1,-1
373,15,226,82,48,36,-1,-1,-1,-1
374,1,39,87,23,16,-1,-1,-1,-1
374,2,149,75,72,51,-1,-1,-1,-1
374,15,227,82,48,36,-1,-1,-1,-1
375,1,39,87,24,16,-1,-1,-1,-1
375,2,148,75,73,52,-1,-1,-1,-1
375,15,228,82,48,36,-1,-1,-1,-1
376,1,39,86,25,17,-1,-1,-1,-1
376,2,149,75,71,50,-1,-1,-1,-1
376,15,230,82,49,36,-1,-1,-1,-1
377,1,39,86,25,17,-1,-1,-1,-1
377,2,152,76,67,47,-1,-1,-1,-1
377,15,231,82,50,37,-1,-1,-1,-1
378,1,40,85,25,18,-1,-1,-1,-1
378,2,152,76,66,46,-1,-1,-1,-1
378,15,233,82,49,36,-1,-1,-1,-1
378,27,64,88,20,14,-1,-1,-1,-1
379,1,40,85,26,19,-1,-1,-1,-1
379,2,152,76,65,45,-1,-1,-1,-1
379,15,234,82,49,36,-1,-1,-1,-1
379,27,64,88,21,14,-1,-1,-1,-1
380,1,40,84,27,20,-1,-1,-1,-1
380,2,151,76,66,46,-1,-1,-1,-1
380,15,235,82,50,36,-1,-1,-1,-1
381,1,40,84,27,20,-1,-1,-1,-1
381,2,150,75,66,47,-1,-1,-1,-1
381,15,236,82,50,36,-1,-1,-1,-1
382,1,40,84,27,20,-1,-1,-1,-1
382,2,149,75,67,47,-1,-1,-1,-1
382,15,236,82,52,36,-1,-1,-1,-1
383,2,148,75,67,47,-1,-1,-1,-1
383,15,237,82,53,37,-1,-1,-1,-1
384,1,43,84,27,20,-1,-1,-1,-1
384,2,148,75,68,47,-1,-1,-1,-1
384,15,238,82,53,37,-1,-1,-1,-1
385,1,45,84,25,18,-1,-1,-1,-1
385,2,148,75,68,48,-1,-1,-1,-1
385,15,240,82,53,38,-1,-1,-1,-1
386,1,46,84,25,19,-1,-1,-1,-1
386,2,149,76,66,47,-1,-1,-1,-1
386,15,242,83,52,37,-1,-1,-1,-1
387,1,46,84,25,19,-1,-1,-1,-1
387,2,148,76,66,46,-1,-1,-1,-1
387,15,243,82,54,38,-1,-1,-1,-1
387,28,215,92,12,18,-1,-1,-1,-1
388,1,48,85,24,18,-1,-1,-1,-1
388,2,147,76,67,46,-1,-1,-1,-1
388,3,212,93,22,17,-1,-1,-1,-1
388,15,246,82,53,38,-1,-1,-1,-1
388,28,215,92,13,18,-1,-1,-1,-1
389,1,48,83,25,20,-1,-1,-1,-1
389,2,148,77,65,45,-1,-1,-1,-1
389,3,214,92,21,17,-1,-1,-1,-1
389,15,247,82,54,37,-1,-1,-1,-1
390,1,49,83,25,19,-1,-1,-1,-1
390,2,148,76,65,45,-1,-1,-1,-1
390,3,215,91,24,18,-1,-1,-1,-1
390,15,249,82,54,37,-1,-1,-1,-1
391,1,50,83,25,19,-1,-1,-1,-1
391,2,148,76,65,45,-1,-1,-1,-1
391,3,217,91,25,19,-1,-1,-1,-1
391,15,250,81,55,38,-1,-1,-1,-1
392,1,50,83,26,20,-1,-1,-1,-1
392,2,149,75,66,45,-1,-1,-1,-1
392,3,220,90,25,20,-1,-1,-1,-1
392,15,253,81,54,38,-1,-1,-1,-1
393,1,52,83,25,20,-1,-1,-1,-1
393,2,149,75,66,46,-1,-1,-1,-1
393,3,224,90,25,20,-1,-1,-1,-1
393,15,254,81,55,38,-1,-1,-1,-1
394,1,54,83,24,20,-1,-1,-1,-1
394,2,149,75,66,46,-1,-1,-1,-1
394,3,226,91,25,19,-1,-1,-1,-1
395,1,54,83,25,20,-1,-1,-1,-1
395,2,149,76,65,45,-1,-1,-1,-1
395,3,229,91,26,20,-1,-1,-1,-1
395,15,260,82,56,39,-1,-1,-1,-1
396,1,55,85,24,19,-1,-1,-1,-1
396,2,148,77,67,47,-1,-1,-1,-1
396,3,233,93,25,19,-1,-1,-1,-1
396,15,262,83,56,39,-1,-1,-1,-1
397,1,56,87,25,19,-1,-1,-1,-1
397,2,149,80,66,46,-1,-1,-1,-1
397,3,237,97,24,17,-1,-1,-1,-1
397,15,264,86,55,38,-1,-1,-1,-1
398,1,57,87,24,20,-1,-1,-1,-1
398,2,150,81,65,45,-1,-1,-1,-1
398,3,240,97,25,19,-1,-1,-1,-1
398,15,265,88,54,38,-1,-1,-1,-1
399,1,59,89,22,17,-1,-1,-1,-1
399,2,150,82,66,46,-1,-1,-1,-1
399,3,242,98,27,20,-1,-1,-1,-1
399,15,267,88,52,38,-1,-1,-1,-1
400,1,59,89,23,18,-1,-1,-1,-1
400,2,151,83,65,45,-1,-1,-1,-1
400,3,245,98,26,20,-1,-1,-1,-1
400,15,266,88,53,40,-1,-1,-1,-1
401,1,61,89,22,17,-1,-1,-1,-1
401,2,150,83,64,44,-1,-1,-1,-1
401,3,249,99,25,18,-1,-1,-1,-1
401,15,267,88,52,41,-1,-1,-1,-1
402,1,62,87,24,18,-1,-1,-1,-1
402,2,150,81,64,45,-1,-1,-1,-1
402,3,253,98,25,18,-1,-1,-1,-1
402,15,269,88,50,40,-1,-1,-1,-1
403,1,62,87,24,18,-1,-1,-1,-1
403,2,150,82,64,44,-1,-1,-1,-1
403,3,257,97,24,18,-1,-1,-1,-1
403,15,272,88,47,39,-1,-1,-1,-1
404,1,63,87,23,18,-1,-1,-1,-1
404,2,151,83,62,43,-1,-1,-1,-1
404,3,261,97,24,18,-1,-1,-1,-1
404,15,274,88,45,38,-1,-1,-1,-1
405,1,64,87,24,18,-1,-1,-1,-1
405,2,151,82,63,44,-1,-1,-1,-1
405,3,264,97,24,18,-1,-1,-1,-1
405,15,276,88,43,38,-1,-1,-1,-1
406,1,64,87,25,19,-1,-1,-1,-1
406,2,152,82,63,44,-1,-1,-1,-1
406,3,267,97,26,20,-1,-1,-1,-1
406,15,277,88,42,39,-1,-1,-1,-1
407,1,64,87,26,19,-1,-1,-1,-1
407,2,152,83,64,44,-1,-1,-1,-1
407,3,272,98,26,20,-1,-1,-1,-1
407,15,278,88,41,39,-1,-1,-1,-1
407,27,66,89,23,16,-1,-1,-1,-1
408,2,152,83,65,44,-1,-1,-1,-1
408,3,274,99,27,21,-1,-1,-1,-1
408,27,67,89,24,16,-1,-1,-1,-1
409,2,152,83,65,45,-1,-1,-1,-1
409,3,280,100,25,20,-1,-1,-1,-1
409,27,68,89,25,17,-1,-1,-1,-1
410,2,153,84,63,44,-1,-1,-1,-1
410,3,283,100,26,20,-1,-1,-1,-1
410,27,68,88,26,18,-1,-1,-1,-1
411,2,153,84,64,44,-1,-1,-1,-1
411,27,69,88,26,19,-1,-1,-1,-1
412,2,153,83,65,46,-1,-1,-1,-1
412,27,70,88,25,19,-1,-1,-1,-1
413,2,153,82,65,46,-1,-1,-1,-1
413,27,71,87,25,18,-1,-1,-1,-1
414,2,155,82,63,44,-1,-1,-1,-1
414,27,72,87,25,18,-1,-1,-1,-1
414,30,301,98,18,26,-1,-1,-1,-1
415,2,155,80,64,45,-1,-1,-1,-1
415,27,73,86,25,18,-1,-1,-1,-1
415,30,302,97,17,26,-1,-1,-1,-1
416,2,156,80,63,45,-1,-1,-1,-1
416,27,75,85,25,19,-1,-1,-1,-1
417,2,156,79,63,45,-1,-1,-1,-1
417,27,77,85,24,18,-1,-1,-1,-1
418,2,157,79,63,45,-1,-1,-1,-1
418,27,77,85,25,18,-1,-1,-1,-1
419,2,158,79,62,45,-1,-1,-1,-1
419,27,79,85,24,18,-1,-1,-1,-1
420,2,158,79,63,44,-1,-1,-1,-1
420,27,80,85,24,18,-1,-1,-1,-1
421,2,160,80,61,43,-1,-1,-1,-1
421,27,81,85,24,18,-1,-1,-1,-1
422,2,160,80,62,44,-1,-1,-1,-1
422,27,81,85,25,18,-1,-1,-1,-1
423,2,160,80,62,44,-1,-1,-1,-1
423,27,84,85,23,18,-1,-1,-1,-1
424,2,160,81,62,43,-1,-1,-1,-1
424,27,85,86,23,17,-1,-1,-1,-1
425,2,161,81,62,43,-1,-1,-1,-1
425,27,86,86,23,17,-1,-1,-1,-1
426,2,161,81,63,44,-1,-1,-1,-1
426,27,86,86,24,17,-1,-1,-1,-1
427,2,161,81,63,44,-1,-1,-1,-1
427,27,87,85,23,18,-1,-1,-1,-1
428,2,161,81,64,44,-1,-1,-1,-1
428,27,88,86,23,17,-1,-1,-1,-1
429,2,163,81,61,44,-1,-1,-1,-1
429,27,90,87,22,16,-1,-1,-1,-1
430,2,163,81,61,44,-1,-1,-1,-1
430,27,90,86,22,17,-1,-1,-1,-1
431,2,163,81,61,44,-1,-1,-1,-1
431,27,91,86,22,17,-1,-1,-1,-1
432,2,164,81,59,43,-1,-1,-1,-1
432,27,91,86,22,17,-1,-1,-1,-1
433,2,165,82,58,42,-1,-1,-1,-1
433,27,93,86,22,17,-1,-1,-1,-1
434,2,165,82,60,43,-1,-1,-1,-1
434,27,93,87,23,16,-1,-1,-1,-1
435,2,165,82,61,43,-1,-1,-1,-1
435,27,94,87,22,16,-1,-1,-1,-1
436,2,165,82,61,43,-1,-1,-1,-1
436,27,95,87,21,16,-1,-1,-1,-1
437,2,165,82,61,44,-1,-1,-1,-1
437,27,94,86,23,17,-1,-1,-1,-1
438,2,166,81,61,45,-1,-1,-1,-1
438,27,96,86,22,17,-1,-1,-1,-1
439,2,167,81,59,43,-1,-1,-1,-1
439,27,96,86,23,17,-1,-1,-1,-1
440,2,167,80,60,43,-1,-1,-1,-1
440,27,97,85,22,17,-1,-1,-1,-1
441,2,168,80,58,42,-1,-1,-1,-1
441,27,98,86,21,16,-1,-1,-1,-1
442,2,169,79,58,43,-1,-1,-1,-1
442,27,98,86,22,16,-1,-1,-1,-1
442,28,156,88,12,16,-1,-1,-1,-1
443,2,169,79,58,42,-1,-1,-1,-1
443,27,99,86,21,16,-1,-1,-1,-1
443,28,155,88,12,15,-1,-1,-1,-1
444,2,170,79,57,42,-1,-1,-1,-1
444,27,100,85,22,17,-1,-1,-1,-1
445,2,169,79,58,42,-1,-1,-1,-1
445,27,100,85,23,17,-1,-1,-1,-1
446,2,169,79,58,42,-1,-1,-1,-1
446,27,101,84,23,18,-1,-1,-1,-1
447,2,169,80,56,41,-1,-1,-1,-1
447,27,102,84,22,18,-1,-1,-1,-1
448,2,169,80,57,41,-1,-1,-1,-1
448,27,102,84,22,18,-1,-1,-1,-1
449,2,168,80,59,42,-1,-1,-1,-1
449,27,102,84,23,18,-1,-1,-1,-1
450,2,169,80,58,42,-1,-1,-1,-1
450,27,102,85,23,18,-1,-1,-1,-1
451,2,169,80,58,42,-1,-1,-1,-1
451,27,103,86,22,17,-1,-1,-1,-1
452,2,169,80,57,42,-1,-1,-1,-1
452,27,103,86,21,17,-1,-1,-1,-1
453,2,169,81,58,41,-1,-1,-1,-1
453,27,103,86,22,18,-1,-1,-1,-1
454,2,170,81,56,41,-1,-1,-1,-1
454,27,103,87,22,17,-1,-1,-1,-1
455,2,170,81,55,41,-1,-1,-1,-1
455,27,103,87,22,17,-1,-1,-1,-1
456,2,169,82,56,40,-1,-1,-1,-1
456,27,104,87,22,18,-1,-1,-1,-1
457,2,170,82,55,40,-1,-1,-1,-1
457,27,104,87,22,18,-1,-1,-1,-1
458,2,170,82,55,40,-1,-1,-1,-1
458,27,104,87,23,18,-1,-1,-1,-1
459,2,169,82,57,42,-1,-1,-1,-1
459,27,104,87,23,19,-1,-1,-1,-1
460,2,170,83,56,40,-1,-1,-1,-1
460,27,106,87,20,17,-1,-1,-1,-1
461,2,170,83,56,40,-1,-1,-1,-1
461,27,106,88,21,16,-1,-1,-1,-1
462,2,170,82,56,41,-1,-1,-1,-1
462,27,106,88,21,17,-1,-1,-1,-1
463,2,170,82,55,40,-1,-1,-1,-1
463,27,106,88,21,17,-1,-1,-1,-1
464,2,171,84,53,38,-1,-1,-1,-1
464,27,106,87,21,17,-1,-1,-1,-1
465,2,170,82,54,39,-1,-1,-1,-1
465,27,105,86,22,18,-1,-1,-1,-1
466,2,169,80,56,40,-1,-1,-1,-1
466,27,105,86,23,18,-1,-1,-1,-1
467,2,169,79,56,41,-1,-1,-1,-1
467,27,106,86,21,17,-1,-1,-1,-1
468,2,169,79,56,41,-1,-1,-1,-1
468,27,106,85,22,18,-1,-1,-1,-1
469,2,168,78,57,42,-1,-1,-1,-1
469,27,106,85,21,18,-1,-1,-1,-1
470,2,168,78,57,42,-1,-1,-1,-1
470,27,106,85,22,18,-1,-1,-1,-1
471,2,169,79,55,40,-1,-1,-1,-1
471,27,106,86,21,17,-1,-1,-1,-1
472,2,168,79,55,40,-1,-1,-1,-1
472,27,106,86,22,18,-1,-1,-1,-1
473,2,168,79,55,40,-1,-1,-1,-1
473,27,106,86,22,18,-1,-1,-1,-1
474,2,168,78,55,41,-1,-1,-1,-1
474,27,106,86,22,18,-1,-1,-1,-1
475,2,167,80,55,40,-1,-1,-1,-1
475,27,106,87,21,17,-1,-1,-1,-1
476,2,167,80,55,40,-1,-1,-1,-1
476,27,104,87,22,18,-1,-1,-1,-1
477,2,167,80,55,40,-1,-1,-1,-1
477,27,104,88,23,17,-1,-1,-1,-1
478,2,167,80,55,40,-1,-1,-1,-1
478,27,104,88,23,18,-1,-1,-1,-1
479,2,168,82,52,38,-1,-1,-1,-1
479,27,104,88,23,18,-1,-1,-1,-1
480,2,167,82,54,39,-1,-1,-1,-1
480,27,104,88,23,18,-1,-1,-1,-1
481,2,167,82,54,39,-1,-1,-1,-1
481,27,106,88,20,17,-1,-1,-1,-1
482,2,166,82,54,39,-1,-1,-1,-1
482,27,105,88,21,17,-1,-1,-1,-1
483,2,167,82,53,39,-1,-1,-1,-1
483,27,106,88,20,16,-1,-1,-1,-1
484,2,167,82,53,39,-1,-1,-1,-1
484,27,107,88,19,16,-1,-1,-1,-1
485,2,168,84,51,37,-1,-1,-1,-1
485,27,106,89,20,15,-1,-1,-1,-1
486,2,167,82,52,39,-1,-1,-1,-1
486,27,106,89,20,15,-1,-1,-1,-1
487,2,166,82,53,39,-1,-1,-1,-1
487,27,105,89,21,15,-1,-1,-1,-1
488,2,166,82,54,39,-1,-1,-1,-1
488,27,105,89,22,16,-1,-1,-1,-1
489,2,165,82,54,39,-1,-1,-1,-1
489,27,105,89,22,16,-1,-1,-1,-1
490,2,165,82,54,39,-1,-1,-1,-1
490,27,105,89,21,16,-1,-1,-1,-1
490,28,152,88,17,16,-1,-1,-1,-1
491,2,165,82,54,40,-1,-1,-1,-1
491,27,104,89,21,16,-1,-1,-1,-1
491,28,152,87,17,18,-1,-1,-1,-1
492,2,165,82,53,40,-1,-1,-1,-1
492,27,104,89,21,16,-1,-1,-1,-1
493,2,164,81,54,40,-1,-1,-1,-1
493,27,104,89,21,17,-1,-1,-1,-1
494,2,164,81,54,40,-1,-1,-1,-1
494,27,104,89,21,17,-1,-1,-1,-1
495,2,165,81,53,40,-1,-1,-1,-1
495,27,103,88,23,18,-1,-1,-1,-1
496,2,164,80,53,39,-1,-1,-1,-1
496,27,103,88,22,17,-1,-1,-1,-1
497,2,163,80,53,39,-1,-1,-1,-1
497,27,102,87,23,18,-1,-1,-1,-1
498,2,163,79,52,39,-1,-1,-1,-1
498,27,102,87,23,17,-1,-1,-1,-1
499,2,162,79,53,39,-1,-1,-1,-1
499,27,102,86,23,18,-1,-1,-1,-1
500,2,162,78,53,39,-1,-1,-1,-1
500,27,102,86,23,18,-1,-1,-1,-1
501,2,162,79,53,39,-1,-1,-1,-1
501,27,102,86,23,18,-1,-1,-1,-1
502,2,162,80,52,39,-1,-1,-1,-1
502,27,101,87,23,18,-1,-1,-1,-1
503,2,160,80,54,40,-1,-1,-1,-1
503,27,101,87,23,18,-1,-1,-1,-1
504,2,160,81,53,39,-1,-1,-1,-1
504,27,101,88,22,17,-1,-1,-1,-1
505,2,159,81,54,40,-1,-1,-1,-1
505,27,101,88,21,18,-1,-1,-1,-1
506,2,158,81,55,41,-1,-1,-1,-1
506,27,100,88,22,18,-1,-1,-1,-1
507,2,159,81,54,41,-1,-1,-1,-1
507,27,100,88,22,18,-1,-1,-1,-1
508,2,159,81,53,40,-1,-1,-1,-1
508,27,100,88,21,17,-1,-1,-1,-1
509,2,158,81,55,41,-1,-1,-1,-1
509,27,100,88,21,17,-1,-1,-1,-1
510,2,159,81,53,40,-1,-1,-1,-1
510,27,100,88,20,17,-1,-1,-1,-1
511,2,157,81,54,42,-1,-1,-1,-1
511,27,99,89,22,16,-1,-1,-1,-1
512,2,159,81,52,40,-1,-1,-1,-1
512,27,100,89,21,16,-1,-1,-1,-1
513,2,159,81,51,39,-1,-1,-1,-1
513,27,100,89,20,16,-1,-1,-1,-1
514,2,158,80,53,40,-1,-1,-1,-1
514,27,100,89,21,16,-1,-1,-1,-1
515,2,159,80,52,40,-1,-1,-1,-1
515,27,99,88,21,17,-1,-1,-1,-1
516,2,159,79,52,40,-1,-1,-1,-1
516,27,99,86,23,18,-1,-1,-1,-1
517,2,159,79,51,40,-1,-1,-1,-1
517,27,99,86,22,18,-1,-1,-1,-1
518,2,159,78,51,40,-1,-1,-1,-1
518,27,99,86,22,17,-1,-1,-1,-1
519,2,159,77,52,41,-1,-1,-1,-1
519,27,99,85,23,18,-1,-1,-1,-1
520,2,159,78,51,39,-1,-1,-1,-1
520,27,99,85,23,18,-1,-1,-1,-1
521,2,160,78,50,38,-1,-1,-1,-1
521,27,100,85,21,18,-1,-1,-1,-1
522,2,160,77,51,39,-1,-1,-1,-1
522,27,101,85,21,18,-1,-1,-1,-1
523,2,159,78,50,38,-1,-1,-1,-1
523,27,102,85,20,17,-1,-1,-1,-1
524,2,159,77,51,39,-1,-1,-1,-1
524,27,102,85,19,16,-1,-1,-1,-1
525,2,159,77,51,39,-1,-1,-1,-1
525,27,103,85,19,15,-1,-1,-1,-1
526,2,160,77,51,39,-1,-1,-1,-1
526,27,103,85,19,15,-1,-1,-1,-1
527,2,159,76,52,40,-1,-1,-1,-1
527,27,103,84,19,16,-1,-1,-1,-1
528,2,160,76,52,40,-1,-1,-1,-1
528,27,103,84,20,16,-1,-1,-1,-1
529,2,160,77,51,41,-1,-1,-1,-1
529,27,103,83,20,17,-1,-1,-1,-1
530,2,160,77,52,41,-1,-1,-1,-1
530,27,103,83,21,17,-1,-1,-1,-1
531,2,161,77,50,40,-1,-1,-1,-1
531,27,103,83,21,17,-1,-1,-1,-1
532,2,161,78,50,39,-1,-1,-1,-1
532,27,103,84,22,18,-1,-1,-1,-1
533,2,160,78,53,41,-1,-1,-1,-1
533,27,103,84,22,18,-1,-1,-1,-1
534,2,162,78,50,40,-1,-1,-1,-1
534,27,103,84,22,18,-1,-1,-1,-1
535,2,162,78,50,40,-1,-1,-1,-1
535,27,103,84,23,19,-1,-1,-1,-1
536,2,162,78,50,40,-1,-1,-1,-1
536,27,104,84,22,19,-1,-1,-1,-1
537,2,162,79,49,38,-1,-1,-1,-1
537,27,105,85,21,18,-1,-1,-1,-1
538,2,163,78,50,39,-1,-1,-1,-1
538,27,105,85,21,17,-1,-1,-1,-1
539,2,163,78,50,38,-1,-1,-1,-1
539,27,105,85,21,17,-1,-1,-1,-1
540,2,164,77,50,39,-1,-1,-1,-1
540,27,105,84,21,18,-1,-1,-1,-1
540,28,155,86,11,14,-1,-1,-1,-1
541,2,164,77,50,39,-1,-1,-1,-1
541,27,105,84,22,18,-1,-1,-1,-1
541,28,156,85,10,12,-1,-1,-1,-1
542,2,165,77,49,38,-1,-1,-1,-1
542,27,105,83,22,19,-1,-1,-1,-1
542,28,157,85,9,12,-1,-1,-1,-1
543,2,164,76,52,40,-1,-1,-1,-1
543,27,106,83,22,19,-1,-1,-1,-1
544,2,166,76,50,40,-1,-1,-1,-1
544,27,107,84,21,18,-1,-1,-1,-1
545,2,166,77,49,39,-1,-1,-1,-1
545,27,107,84,21,18,-1,-1,-1,-1
546,2,164,77,50,39,-1,-1,-1,-1
546,27,108,85,21,17,-1,-1,-1,-1
547,2,165,77,50,39,-1,-1,-1,-1
547,27,108,85,21,17,-1,-1,-1,-1
548,2,166,77,49,39,-1,-1,-1,-1
548,27,108,85,21,17,-1,-1,-1,-1
549,2,165,78,49,38,-1,-1,-1,-1
549,27,109,85,20,17,-1,-1,-1,-1
550,2,167,78,49,38,-1,-1,-1,-1
550,27,109,85,20,17,-1,-1,-1,-1
551,2,168,78,49,38,-1,-1,-1,-1
551,27,109,85,20,17,-1,-1,-1,-1
552,2,168,78,49,38,-1,-1,-1,-1
552,27,110,85,19,16,-1,-1,-1,-1
553,2,168,78,50,39,-1,-1,-1,-1
553,27,110,85,20,16,-1,-1,-1,-1
554,2,169,78,49,39,-1,-1,-1,-1
554,27,110,85,21,16,-1,-1,-1,-1
555,2,170,79,48,38,-1,-1,-1,-1
555,27,110,84,21,17,-1,-1,-1,-1
556,2,170,79,48,38,-1,-1,-1,-1
556,27,110,84,21,17,-1,-1,-1,-1
557,2,169,79,49,39,-1,-1,-1,-1
557,27,110,84,21,17,-1,-1,-1,-1
558,2,169,79,49,39,-1,-1,-1,-1
558,27,111,84,20,17,-1,-1,-1,-1
559,2,169,79,49,39,-1,-1,-1,-1
559,27,111,84,20,17,-1,-1,-1,-1
560,2,169,79,49,39,-1,-1,-1,-1
560,27,111,85,20,16,-1,-1,-1,-1
561,2,170,79,48,38,-1,-1,-1,-1
561,27,111,85,21,16,-1,-1,-1,-1
562,2,170,79,48,38,-1,-1,-1,-1
562,27,111,85,21,16,-1,-1,-1,-1
563,2,170,78,48,39,-1,-1,-1,-1
563,27,111,85,21,16,-1,-1,-1,-1
564,2,170,78,47,37,-1,-1,-1,-1
564,27,111,84,20,16,-1,-1,-1,-1
565,2,170,77,48,38,-1,-1,-1,-1
565,27,111,84,20,16,-1,-1,-1,-1
566,2,171,77,47,38,-1,-1,-1,-1
566,27,111,84,20,15,-1,-1,-1,-1
567,2,171,77,47,38,-1,-1,-1,-1
567,27,111,84,20,15,-1,-1,-1,-1
568,2,170,77,47,38,-1,-1,-1,-1
568,27,111,83,20,16,-1,-1,-1,-1
569,2,170,77,48,39,-1,-1,-1,-1
569,27,111,84,20,16,-1,-1,-1,-1
570,2,170,77,48,39,-1,-1,-1,-1
570,27,110,84,20,16,-1,-1,-1,-1
571,2,171,78,47,38,-1,-1,-1,-1
571,27,111,85,19,15,-1,-1,-1,-1
572,2,171,78,47,38,-1,-1,-1,-1
572,27,110,85,20,15,-1,-1,-1,-1
573,2,172,78,46,38,-1,-1,-1,-1
573,27,110,85,20,15,-1,-1,-1,-1
574,2,171,78,46,38,-1,-1,-1,-1
574,27,109,85,21,15,-1,-1,-1,-1
575,2,171,77,46,38,-1,-1,-1,-1
575,27,109,84,21,16,-1,-1,-1,-1
576,2,170,77,48,39,-1,-1,-1,-1
576,27,110,84,20,16,-1,-1,-1,-1
577,2,171,77,46,38,-1,-1,-1,-1
577,27,110,84,20,16,-1,-1,-1,-1
578,2,170,77,48,40,-1,-1,-1,-1
578,27,110,84,20,16,-1,-1,-1,-1
579,2,171,78,46,38,-1,-1,-1,-1
579,27,109,84,21,16,-1,-1,-1,-1
580,2,171,79,45,37,-1,-1,-1,-1
580,27,109,85,21,16,-1,-1,-1,-1
581,2,170,79,45,37,-1,-1,-1,-1
581,27,109,86,21,16,-1,-1,-1,-1
582,2,169,80,46,37,-1,-1,-1,-1
582,27,109,86,21,16,-1,-1,-1,-1
583,2,170,80,46,37,-1,-1,-1,-1
583,27,109,87,21,16,-1,-1,-1,-1
584,2,170,80,46,37,-1,-1,-1,-1
584,27,110,86,21,17,-1,-1,-1,-1
585,2,170,80,45,37,-1,-1,-1,-1
585,27,111,86,19,15,-1,-1,-1,-1
586,2,170,79,46,38,-1,-1,-1,-1
586,27,111,87,18,14,-1,-1,-1,-1
587,2,171,79,45,36,-1,-1,-1,-1
588,2,169,79,47,38,-1,-1,-1,-1
588,27,110,87,20,15,-1,-1,-1,-1
589,2,171,80,45,37,-1,-1,-1,-1
589,27,110,86,20,16,-1,-1,-1,-1
590,2,171,80,44,36,-1,-1,-1,-1
590,27,110,86,19,16,-1,-1,-1,-1
591,2,171,80,44,36,-1,-1,-1,-1
591,27,108,86,21,17,-1,-1,-1,-1
592,2,170,79,46,37,-1,-1,-1,-1
592,27,108,87,21,16,-1,-1,-1,-1
593,2,169,79,47,37,-1,-1,-1,-1
593,27,108,87,20,15,-1,-1,-1,-1
594,2,170,80,45,36,-1,-1,-1,-1
594,27,109,87,18,13,-1,-1,-1,-1
595,2,169,79,46,37,-1,-1,-1,-1
595,27,109,86,19,14,-1,-1,-1,-1
596,2,169,79,46,37,-1,-1,-1,-1
596,27,107,85,21,16,-1,-1,-1,-1
597,2,169,80,45,36,-1,-1,-1,-1
597,27,107,85,21,16,-1,-1,-1,-1
598,2,171,80,44,36,-1,-1,-1,-1
598,27,108,85,21,16,-1,-1,-1,-1
599,2,170,79,45,38,-1,-1,-1,-1
599,27,107,85,22,16,-1,-1,-1,-1
600,2,169,79,47,38,-1,-1,-1,-1
600,27,107,85,21,16,-1,-1,-1,-1
601,2,169,79,47,38,-1,-1,-1,-1
601,27,107,85,21,16,-1,-1,-1,-1
602,2,169,79,45,37,-1,-1,-1,-1
602,27,108,85,20,16,-1,-1,-1,-1
603,2,168,79,46,37,-1,-1,-1,-1
603,27,108,86,20,15,-1,-1,-1,-1
604,2,168,79,46,37,-1,-1,-1,-1
604,27,109,87,18,14,-1,-1,-1,-1
605,2,168,79,46,37,-1,-1,-1,-1
605,27,109,87,18,14,-1,-1,-1,-1
606,2,168,80,46,36,-1,-1,-1,-1
606,27,109,86,18,13,-1,-1,-1,-1
607,2,167,80,47,36,-1,-1,-1,-1
607,27,110,86,16,12,-1,-1,-1,-1
608,2,167,80,47,36,-1,-1,-1,-1
608,27,111,86,15,12,-1,-1,-1,-1
609,2,168,80,46,36,-1,-1,-1,-1
609,27,109,86,18,12,-1,-1,-1,-1
610,2,168,80,47,35,-1,-1,-1,-1
610,27,110,86,17,12,-1,-1,-1,-1
611,2,167,79,48,36,-1,-1,-1,-1
612,2,166,79,48,37,-1,-1,-1,-1
613,2,166,79,49,37,-1,-1,-1,-1
614,2,166,80,47,36,-1,-1,-1,-1
615,2,165,80,47,36,-1,-1,-1,-1
615,35,107,88,19,10,-1,-1,-1,-1
616,2,165,80,48,37,-1,-1,-1,-1
616,35,107,88,19,11,-1,-1,-1,-1
617,2,165,80,48,37,-1,-1,-1,-1
617,35,106,88,22,12,-1,-1,-1,-1
618,2,165,79,47,37,-1,-1,-1,-1
618,35,105,87,23,14,-1,-1,-1,-1
619,2,165,79,47,37,-1,-1,-1,-1
619,27,105,87,24,17,-1,-1,-1,-1
620,2,165,79,47,37,-1,-1,-1,-1
620,27,105,87,23,17,-1,-1,-1,-1
621,2,165,79,47,36,-1,-1,-1,-1
621,27,104,87,24,17,-1,-1,-1,-1
621,35,107,87,19,11,-1,-1,-1,-1
622,2,164,79,48,37,-1,-1,-1,-1
622,35,106,87,21,11,-1,-1,-1,-1
623,2,165,79,48,37,-1,-1,-1,-1
623,35,107,86,18,11,-1,-1,-1,-1
624,2,165,79,47,36,-1,-1,-1,-1
624,35,107,86,18,11,-1,-1,-1,-1
625,2,166,79,47,36,-1,-1,-1,-1
625,35,107,86,18,11,-1,-1,-1,-1
626,2,165,80,47,35,-1,-1,-1,-1
626,35,106,86,19,11,-1,-1,-1,-1
627,2,166,79,47,35,-1,-1,-1,-1
627,35,106,86,18,10,-1,-1,-1,-1
628,2,164,78,49,36,-1,-1,-1,-1
628,35,105,85,20,11,-1,-1,-1,-1
629,2,165,78,48,36,-1,-1,-1,-1
629,35,105,85,20,11,-1,-1,-1,-1
630,2,165,78,48,36,-1,-1,-1,-1
630,35,104,84,20,12,-1,-1,-1,-1
631,2,165,78,47,36,-1,-1,-1,-1
631,35,104,84,21,12,-1,-1,-1,-1
632,2,164,79,47,35,-1,-1,-1,-1
632,35,105,86,20,11,-1,-1,-1,-1
633,2,163,79,48,36,-1,-1,-1,-1
633,35,105,86,20,11,-1,-1,-1,-1
634,2,165,81,46,34,-1,-1,-1,-1
634,27,103,87,23,17,-1,-1,-1,-1
635,2,164,81,48,35,-1,-1,-1,-1
635,27,105,87,19,14,-1,-1,-1,-1
636,2,163,81,48,36,-1,-1,-1,-1
636,27,104,87,22,17,-1,-1,-1,-1
637,2,163,81,48,36,-1,-1,-1,-1
637,27,104,87,20,15,-1,-1,-1,-1
638,2,163,81,48,36,-1,-1,-1,-1
638,27,104,87,20,14,-1,-1,-1,-1
639,2,163,80,48,37,-1,-1,-1,-1
639,27,104,86,20,15,-1,-1,-1,-1
640,2,163,79,48,36,-1,-1,-1,-1
640,27,104,86,20,15,-1,-1,-1,-1
640,35,103,85,22,12,-1,-1,-1,-1
641,2,162,79,49,36,-1,-1,-1,-1
641,27,102,85,23,17,-1,-1,-1,-1
641,35,103,84,22,14,-1,-1,-1,-1
642,2,164,78,47,36,-1,-1,-1,-1
642,27,103,84,21,17,-1,-1,-1,-1
643,2,164,79,47,36,-1,-1,-1,-1
643,27,103,84,22,17,-1,-1,-1,-1
644,2,162,79,49,38,-1,-1,-1,-1
644,27,104,85,21,17,-1,-1,-1,-1
645,2,162,79,49,38,-1,-1,-1,-1
645,27,104,85,21,17,-1,-1,-1,-1
646,2,162,80,48,37,-1,-1,-1,-1
646,27,103,85,22,18,-1,-1,-1,-1
647,2,162,80,48,38,-1,-1,-1,-1
647,27,103,86,21,17,-1,-1,-1,-1
648,2,164,80,47,38,-1,-1,-1,-1
648,27,103,86,20,15,-1,-1,-1,-1
649,2,163,81,48,37,-1,-1,-1,-1
649,27,103,86,21,17,-1,-1,-1,-1
650,2,164,80,47,37,-1,-1,-1,-1
650,27,102,85,22,18,-1,-1,-1,-1
651,2,163,79,49,38,-1,-1,-1,-1
651,27,103,85,21,17,-1,-1,-1,-1
652,2,163,79,47,37,-1,-1,-1,-1
652,27,104,85,19,16,-1,-1,-1,-1
653,2,163,79,47,36,-1,-1,-1,-1
653,27,103,85,21,16,-1,-1,-1,-1
654,2,163,79,47,36,-1,-1,-1,-1
654,27,103,85,21,17,-1,-1,-1,-1
655,2,162,78,48,37,-1,-1,-1,-1
655,27,103,85,21,17,-1,-1,-1,-1
656,2,163,78,47,37,-1,-1,-1,-1
656,27,102,84,23,18,-1,-1,-1,-1
657,2,164,78,47,36,-1,-1,-1,-1
657,27,102,84,22,18,-1,-1,-1,-1
658,2,164,78,46,36,-1,-1,-1,-1
658,27,103,84,21,17,-1,-1,-1,-1
659,2,164,78,47,37,-1,-1,-1,-1
659,27,103,84,21,17,-1,-1,-1,-1
660,2,165,78,47,37,-1,-1,-1,-1
660,27,103,84,21,17,-1,-1,-1,-1
661,2,166,79,46,36,-1,-1,-1,-1
661,27,104,86,20,15,-1,-1,-1,-1
662,2,165,80,47,36,-1,-1,-1,-1
662,27,104,87,20,15,-1,-1,-1,-1
663,2,164,81,48,37,-1,-1,-1,-1
663,27,104,88,20,15,-1,-1,-1,-1
664,2,164,81,49,38,-1,-1,-1,-1
664,27,105,89,19,14,-1,-1,-1,-1
665,2,164,82,49,38,-1,-1,-1,-1
665,27,105,89,19,14,-1,-1,-1,-1
666,2,165,82,48,38,-1,-1,-1,-1
666,27,105,89,18,14,-1,-1,-1,-1
667,2,166,83,47,37,-1,-1,-1,-1
667,27,105,88,19,14,-1,-1,-1,-1
668,2,165,82,48,38,-1,-1,-1,-1
668,27,105,88,19,14,-1,-1,-1,-1
669,2,165,82,48,38,-1,-1,-1,-1
669,27,105,88,19,14,-1,-1,-1,-1
670,2,165,81,49,39,-1,-1,-1,-1
670,27,105,88,20,13,-1,-1,-1,-1
671,2,167,81,47,37,-1,-1,-1,-1
671,27,105,87,21,15,-1,-1,-1,-1
672,2,168,81,47,37,-1,-1,-1,-1
672,27,105,87,21,15,-1,-1,-1,-1
673,2,167,80,47,37,-1,-1,-1,-1
673,27,105,87,21,15,-1,-1,-1,-1
674,2,167,80,46,36,-1,-1,-1,-1
674,27,105,86,21,16,-1,-1,-1,-1
675,2,167,79,49,39,-1,-1,-1,-1
675,27,105,86,22,16,-1,-1,-1,-1
676,2,167,79,48,38,-1,-1,-1,-1
676,27,104,85,23,16,-1,-1,-1,-1
677,2,168,79,47,38,-1,-1,-1,-1
677,27,105,85,22,16,-1,-1,-1,-1
678,2,167,79,47,37,-1,-1,-1,-1
678,27,105,84,22,17,-1,-1,-1,-1
679,2,168,78,47,38,-1,-1,-1,-1
679,27,106,84,21,15,-1,-1,-1,-1
680,2,168,77,49,38,-1,-1,-1,-1
680,27,106,83,22,16,-1,-1,-1,-1
681,2,169,77,47,37,-1,-1,-1,-1
681,27,106,83,23,16,-1,-1,-1,-1
682,2,170,77,46,37,-1,-1,-1,-1
682,27,107,82,21,16,-1,-1,-1,-1
683,2,171,77,45,36,-1,-1,-1,-1
683,27,107,82,22,17,-1,-1,-1,-1
684,2,171,76,45,36,-1,-1,-1,-1
684,27,108,82,20,15,-1,-1,-1,-1
685,2,172,77,44,35,-1,-1,-1,-1
685,27,109,83,20,15,-1,-1,-1,-1
686,2,172,77,46,37,-1,-1,-1,-1
686,27,109,83,21,15,-1,-1,-1,-1
687,2,171,76,47,38,-1,-1,-1,-1
687,27,109,83,21,16,-1,-1,-1,-1
688,2,171,77,47,38,-1,-1,-1,-1
688,27,109,83,21,16,-1,-1,-1,-1
689,2,172,77,47,38,-1,-1,-1,-1
689,27,109,83,23,17,-1,-1,-1,-1
690,2,171,77,49,39,-1,-1,-1,-1
690,27,109,83,22,17,-1,-1,-1,-1
691,2,172,77,48,38,-1,-1,-1,-1
691,27,109,83,23,17,-1,-1,-1,-1
692,2,173,76,48,38,-1,-1,-1,-1
692,27,110,83,22,17,-1,-1,-1,-1
692,35,108,83,24,15,-1,-1,-1,-1
693,2,172,76,48,38,-1,-1,-1,-1
693,27,109,84,24,18,-1,-1,-1,-1
693,35,108,84,24,13,-1,-1,-1,-1
694,2,173,78,47,37,-1,-1,-1,-1
694,27,110,85,23,17,-1,-1,-1,-1
695,2,173,78,47,38,-1,-1,-1,-1
695,27,110,85,23,18,-1,-1,-1,-1
696,2,174,78,47,38,-1,-1,-1,-1
696,27,109,86,24,17,-1,-1,-1,-1
697,2,174,79,46,37,-1,-1,-1,-1
697,27,110,86,22,16,-1,-1,-1,-1
698,2,174,78,47,37,-1,-1,-1,-1
698,27,111,86,21,15,-1,-1,-1,-1
699,2,174,78,46,37,-1,-1,-1,-1
699,27,111,85,22,16,-1,-1,-1,-1
700,2,174,78,47,37,-1,-1,-1,-1
700,27,111,85,23,16,-1,-1,-1,-1
701,2,173,78,48,38,-1,-1,-1,-1
701,27,111,85,23,16,-1,-1,-1,-1
702,2,173,78,49,38,-1,-1,-1,-1
702,27,112,85,22,16,-1,-1,-1,-1
703,2,173,79,48,38,-1,-1,-1,-1
703,27,111,85,24,17,-1,-1,-1,-1
704,2,173,79,49,38,-1,-1,-1,-1
704,27,112,85,24,17,-1,-1,-1,-1
705,2,174,79,48,39,-1,-1,-1,-1
705,27,113,86,23,17,-1,-1,-1,-1
706,2,174,79,48,39,-1,-1,-1,-1
706,27,113,85,24,17,-1,-1,-1,-1
706,35,98,87,19,12,-1,-1,-1,-1
707,2,174,79,48,38,-1,-1,-1,-1
707,27,115,85,21,16,-1,-1,-1,-1
707,35,97,88,19,12,-1,-1,-1,-1
708,2,173,79,48,38,-1,-1,-1,-1
708,27,115,85,22,16,-1,-1,-1,-1
709,2,173,79,48,38,-1,-1,-1,-1
709,27,116,85,23,16,-1,-1,-1,-1
710,2,174,78,48,38,-1,-1,-1,-1
710,27,116,85,23,16,-1,-1,-1,-1
711,2,176,78,48,38,-1,-1,-1,-1
711,27,117,84,22,17,-1,-1,-1,-1
712,2,177,77,49,39,-1,-1,-1,-1
712,27,117,84,23,18,-1,-1,-1,-1
713,2,178,78,48,38,-1,-1,-1,-1
713,27,117,84,23,18,-1,-1,-1,-1
714,2,177,78,47,38,-1,-1,-1,-1
714,27,117,84,23,18,-1,-1,-1,-1
715,2,177,78,47,38,-1,-1,-1,-1
715,27,118,85,22,17,-1,-1,-1,-1
716,2,177,78,47,38,-1,-1,-1,-1
716,27,118,85,22,17,-1,-1,-1,-1
717,2,177,78,47,39,-1,-1,-1,-1
717,27,118,85,22,17,-1,-1,-1,-1
718,2,177,78,47,39,-1,-1,-1,-1
718,27,118,85,23,17,-1,-1,-1,-1
719,2,176,78,48,38,-1,-1,-1,-1
720,2,175,78,48,38,-1,-1,-1,-1
720,27,119,83,22,17,-1,-1,-1,-1
721,2,175,77,48,39,-1,-1,-1,-1
721,27,119,83,22,17,-1,-1,-1,-1
722,2,176,78,47,38,-1,-1,-1,-1
722,27,120,82,22,17,-1,-1,-1,-1
723,2,174,77,49,38,-1,-1,-1,-1
723,27,119,82,23,17,-1,-1,-1,-1
724,2,173,77,50,39,-1,-1,-1,-1
724,27,120,82,22,17,-1,-1,-1,-1
725,2,174,77,49,39,-1,-1,-1,-1
725,27,121,83,21,16,-1,-1,-1,-1
726,2,174,76,49,40,-1,-1,-1,-1
726,27,121,83,21,16,-1,-1,-1,-1
727,2,174,76,49,40,-1,-1,-1,-1
727,27,121,83,22,16,-1,-1,-1,-1
728,2,175,76,50,40,-1,-1,-1,-1
728,27,121,83,22,16,-1,-1,-1,-1
729,2,174,77,49,39,-1,-1,-1,-1
729,27,122,83,21,16,-1,-1,-1,-1
730,2,174,77,49,39,-1,-1,-1,-1
730,27,122,83,21,16,-1,-1,-1,-1
731,2,174,77,50,40,-1,-1,-1,-1
731,27,124,85,18,14,-1,-1,-1,-1
732,2,174,77,50,40,-1,-1,-1,-1
732,27,123,86,20,13,-1,-1,-1,-1
733,2,175,77,50,40,-1,-1,-1,-1
733,27,123,86,20,13,-1,-1,-1,-1
734,2,175,76,50,41,-1,-1,-1,-1
734,27,124,86,19,13,-1,-1,-1,-1
735,2,175,76,50,41,-1,-1,-1,-1
735,27,124,86,20,13,-1,-1,-1,-1
736,2,175,76,49,41,-1,-1,-1,-1
737,2,175,76,49,40,-1,-1,-1,-1
737,27,125,84,23,15,-1,-1,-1,-1
738,2,176,76,49,40,-1,-1,-1,-1
738,27,125,84,24,16,-1,-1,-1,-1
739,2,176,76,49,40,-1,-1,-1,-1
739,27,126,83,24,17,-1,-1,-1,-1
740,2,176,76,50,40,-1,-1,-1,-1
740,27,127,84,23,16,-1,-1,-1,-1
741,2,177,76,50,41,-1,-1,-1,-1
741,27,127,84,24,17,-1,-1,-1,-1
742,2,177,77,50,40,-1,-1,-1,-1
742,27,128,84,23,17,-1,-1,-1,-1
743,2,177,77,50,41,-1,-1,-1,-1
743,27,128,84,23,17,-1,-1,-1,-1
744,2,178,77,49,41,-1,-1,-1,-1
744,27,129,84,23,17,-1,-1,-1,-1
745,2,179,78,48,40,-1,-1,-1,-1
745,27,129,84,24,18,-1,-1,-1,-1
746,2,180,78,48,40,-1,-1,-1,-1
746,27,130,84,24,18,-1,-1,-1,-1
747,2,180,79,47,38,-1,-1,-1,-1
747,27,130,85,25,18,-1,-1,-1,-1
748,2,181,78,48,39,-1,-1,-1,-1
748,27,131,85,24,18,-1,-1,-1,-1
749,2,181,78,47,38,-1,-1,-1,-1
749,27,132,84,24,19,-1,-1,-1,-1
750,2,182,77,47,39,-1,-1,-1,-1
750,27,133,84,24,18,-1,-1,-1,-1
751,2,181,76,49,40,-1,-1,-1,-1
751,27,134,83,24,19,-1,-1,-1,-1
752,2,183,76,48,40,-1,-1,-1,-1
752,27,135,82,24,19,-1,-1,-1,-1
753,2,184,76,47,39,-1,-1,-1,-1
753,27,136,82,23,17,-1,-1,-1,-1
754,2,184,76,48,40,-1,-1,-1,-1
754,27,138,81,22,18,-1,-1,-1,-1
755,2,185,76,48,40,-1,-1,-1,-1
755,27,139,81,21,16,-1,-1,-1,-1
756,2,185,76,48,40,-1,-1,-1,-1
756,27,141,83,19,14,-1,-1,-1,-1
757,2,186,76,48,39,-1,-1,-1,-1
757,27,142,83,20,14,-1,-1,-1,-1
758,2,186,76,49,40,-1,-1,-1,-1
758,27,143,85,19,13,-1,-1,-1,-1
759,2,187,76,48,40,-1,-1,-1,-1
759,27,143,83,21,15,-1,-1,-1,-1
760,2,187,76,49,40,-1,-1,-1,-1
760,27,143,83,23,16,-1,-1,-1,-1
761,2,189,76,48,40,-1,-1,-1,-1
761,27,144,83,23,16,-1,-1,-1,-1
762,2,190,76,47,40,-1,-1,-1,-1
762,27,145,83,23,16,-1,-1,-1,-1
763,2,191,76,48,40,-1,-1,-1,-1
763,27,145,82,24,17,-1,-1,-1,-1
764,2,192,76,48,40,-1,-1,-1,-1
764,27,146,82,23,17,-1,-1,-1,-1
765,2,193,76,47,40,-1,-1,-1,-1
765,27,147,82,24,17,-1,-1,-1,-1
766,2,193,76,50,41,-1,-1,-1,-1
766,27,149,82,22,15,-1,-1,-1,-1
767,2,193,76,50,42,-1,-1,-1,-1
767,27,150,82,22,17,-1,-1,-1,-1
768,2,195,76,49,40,-1,-1,-1,-1
768,27,151,82,23,17,-1,-1,-1,-1
769,2,195,76,49,41,-1,-1,-1,-1
769,27,152,82,24,18,-1,-1,-1,-1
770,2,195,76,50,41,-1,-1,-1,-1
770,27,153,83,24,18,-1,-1,-1,-1
771,2,196,76,50,42,-1,-1,-1,-1
771,27,153,83,25,18,-1,-1,-1,-1
772,2,197,77,49,40,-1,-1,-1,-1
772,27,154,83,25,18,-1,-1,-1,-1
773,2,198,77,49,40,-1,-1,-1,-1
773,27,155,84,24,18,-1,-1,-1,-1
774,2,199,78,49,39,-1,-1,-1,-1
774,27,156,84,25,18,-1,-1,-1,-1
775,2,199,78,50,40,-1,-1,-1,-1
775,27,157,84,25,18,-1,-1,-1,-1
776,2,200,78,50,40,-1,-1,-1,-1
776,27,158,84,25,18,-1,-1,-1,-1
777,2,200,78,50,41,-1,-1,-1,-1
777,27,159,84,24,18,-1,-1,-1,-1
778,2,200,78,51,41,-1,-1,-1,-1
778,27,158,84,26,18,-1,-1,-1,-1
779,2,201,78,50,40,-1,-1,-1,-1
779,27,159,83,26,19,-1,-1,-1,-1
780,2,202,77,49,40,-1,-1,-1,-1
780,27,161,83,25,18,-1,-1,-1,-1
781,2,202,76,50,41,-1,-1,-1,-1
781,27,162,82,23,17,-1,-1,-1,-1
782,2,202,75,50,40,-1,-1,-1,-1
782,27,162,81,24,18,-1,-1,-1,-1
783,2,203,75,50,40,-1,-1,-1,-1
783,27,163,81,24,18,-1,-1,-1,-1
784,2,203,74,50,40,-1,-1,-1,-1
784,27,163,80,24,18,-1,-1,-1,-1
785,2,204,74,50,40,-1,-1,-1,-1
785,27,164,80,24,18,-1,-1,-1,-1
786,2,205,74,49,40,-1,-1,-1,-1
786,27,165,80,25,18,-1,-1,-1,-1
787,2,204,74,50,40,-1,-1,-1,-1
787,27,166,80,24,18,-1,-1,-1,-1
788,2,205,74,50,40,-1,-1,-1,-1
788,27,166,80,25,19,-1,-1,-1,-1
789,2,205,74,51,41,-1,-1,-1,-1
789,27,167,81,24,18,-1,-1,-1,-1
790,2,207,75,49,40,-1,-1,-1,-1
790,27,168,81,23,18,-1,-1,-1,-1
791,2,207,75,49,40,-1,-1,-1,-1
791,27,167,81,25,18,-1,-1,-1,-1
792,2,207,75,50,40,-1,-1,-1,-1
792,27,168,81,24,18,-1,-1,-1,-1
793,2,207,76,50,41,-1,-1,-1,-1
793,27,168,82,25,18,-1,-1,-1,-1
794,2,207,76,51,41,-1,-1,-1,-1
794,27,168,82,25,18,-1,-1,-1,-1
795,2,207,76,52,42,-1,-1,-1,-1
795,27,168,82,27,19,-1,-1,-1,-1
796,2,207,76,51,42,-1,-1,-1,-1
796,27,168,82,26,19,-1,-1,-1,-1
797,2,207,78,51,41,-1,-1,-1,-1
797,27,169,83,25,18,-1,-1,-1,-1
798,2,208,78,50,41,-1,-1,-1,-1
798,27,169,83,25,18,-1,-1,-1,-1
799,2,210,79,47,39,-1,-1,-1,-1
799,27,171,84,25,18,-1,-1,-1,-1
800,2,209,79,50,40,-1,-1,-1,-1
800,27,171,84,25,18,-1,-1,-1,-1
801,2,209,79,50,40,-1,-1,-1,-1
801,27,172,84,23,17,-1,-1,-1,-1
802,2,209,79,51,40,-1,-1,-1,-1
802,27,172,85,23,16,-1,-1,-1,-1
803,2,209,79,50,40,-1,-1,-1,-1
803,27,172,84,24,17,-1,-1,-1,-1
804,2,210,79,50,40,-1,-1,-1,-1
804,27,172,84,25,17,-1,-1,-1,-1
805,2,210,79,51,40,-1,-1,-1,-1
805,27,173,84,24,18,-1,-1,-1,-1
806,2,210,79,51,40,-1,-1,-1,-1
806,27,173,85,24,17,-1,-1,-1,-1
807,2,211,79,51,41,-1,-1,-1,-1
807,27,174,85,24,17,-1,-1,-1,-1
808,2,213,82,47,37,-1,-1,-1,-1
808,27,174,85,24,17,-1,-1,-1,-1
809,2,212,81,49,38,-1,-1,-1,-1
809,27,174,85,25,17,-1,-1,-1,-1
810,2,216,87,43,32,-1,-1,-1,-1
810,27,174,85,24,17,-1,-1,-1,-1
811,2,215,85,45,35,-1,-1,-1,-1
811,27,174,84,24,17,-1,-1,-1,-1
812,2,213,81,50,38,-1,-1,-1,-1
812,27,176,84,23,16,-1,-1,-1,-1
813,2,213,79,51,40,-1,-1,-1,-1
813,27,176,84,23,16,-1,-1,-1,-1
814,2,214,78,50,40,-1,-1,-1,-1
814,27,175,83,25,17,-1,-1,-1,-1
815,2,214,78,50,40,-1,-1,-1,-1
815,27,175,83,25,17,-1,-1,-1,-1
816,2,214,78,52,41,-1,-1,-1,-1
816,27,175,83,26,17,-1,-1,-1,-1
817,2,214,78,52,41,-1,-1,-1,-1
817,27,175,83,26,18,-1,-1,-1,-1
818,2,215,79,52,41,-1,-1,-1,-1
818,27,176,84,25,17,-1,-1,-1,-1
819,2,215,79,53,42,-1,-1,-1,-1
819,27,176,85,25,17,-1,-1,-1,-1
820,2,215,78,54,43,-1,-1,-1,-1
820,27,176,85,25,17,-1,-1,-1,-1
821,2,216,80,53,42,-1,-1,-1,-1
821,27,176,85,26,18,-1,-1,-1,-1
822,2,216,79,52,42,-1,-1,-1,-1
822,27,175,84,26,18,-1,-1,-1,-1
823,2,217,79,52,42,-1,-1,-1,-1
823,27,175,84,27,18,-1,-1,-1,-1
824,2,217,78,52,42,-1,-1,-1,-1
824,27,176,84,26,18,-1,-1,-1,-1
825,2,218,78,49,40,-1,-1,-1,-1
825,27,175,83,27,19,-1,-1,-1,-1
826,2,218,78,51,41,-1,-1,-1,-1
826,27,175,83,27,19,-1,-1,-1,-1
827,2,218,78,51,41,-1,-1,-1,-1
827,27,176,83,26,19,-1,-1,-1,-1
828,2,219,78,50,41,-1,-1,-1,-1
828,27,177,83,25,18,-1,-1,-1,-1
829,2,219,78,51,41,-1,-1,-1,-1
829,27,177,83,25,18,-1,-1,-1,-1
830,2,220,78,50,41,-1,-1,-1,-1
830,27,177,84,24,17,-1,-1,-1,-1
831,2,219,78,51,41,-1,-1,-1,-1
831,27,177,84,25,17,-1,-1,-1,-1
832,2,219,78,52,42,-1,-1,-1,-1
832,27,176,84,26,18,-1,-1,-1,-1
833,2,219,78,52,42,-1,-1,-1,-1
833,27,176,84,26,18,-1,-1,-1,-1
834,2,220,78,51,43,-1,-1,-1,-1
834,27,176,84,26,19,-1,-1,-1,-1
835,2,221,78,51,43,-1,-1,-1,-1
835,27,177,84,25,19,-1,-1,-1,-1
836,2,220,79,51,42,-1,-1,-1,-1
836,27,176,84,26,19,-1,-1,-1,-1
837,2,220,79,51,42,-1,-1,-1,-1
837,27,176,85,25,18,-1,-1,-1,-1
838,2,221,79,50,42,-1,-1,-1,-1
838,27,176,85,24,19,-1,-1,-1,-1
839,2,221,80,50,41,-1,-1,-1,-1
839,27,176,86,24,18,-1,-1,-1,-1
840,2,221,79,51,42,-1,-1,-1,-1
840,27,174,85,25,18,-1,-1,-1,-1
841,2,221,79,51,42,-1,-1,-1,-1
841,27,176,85,23,18,-1,-1,-1,-1
842,2,222,79,50,41,-1,-1,-1,-1
842,27,175,85,24,18,-1,-1,-1,-1
843,2,221,78,50,42,-1,-1,-1,-1
843,27,175,86,24,17,-1,-1,-1,-1
844,2,221,78,50,42,-1,-1,-1,-1
844,27,176,86,23,17,-1,-1,-1,-1
845,2,221,78,50,41,-1,-1,-1,-1
845,27,175,84,24,18,-1,-1,-1,-1
846,2,221,78,51,41,-1,-1,-1,-1
846,27,175,84,25,18,-1,-1,-1,-1
847,2,220,77,51,42,-1,-1,-1,-1
847,27,175,83,25,19,-1,-1,-1,-1
848,2,220,77,51,42,-1,-1,-1,-1
848,27,175,83,24,17,-1,-1,-1,-1
849,2,220,78,51,41,-1,-1,-1,-1
849,27,175,82,24,18,-1,-1,-1,-1
850,2,219,78,51,41,-1,-1,-1,-1
850,27,174,82,24,18,-1,-1,-1,-1
851,2,218,78,52,41,-1,-1,-1,-1
851,27,173,82,23,17,-1,-1,-1,-1
852,2,219,78,51,41,-1,-1,-1,-1
852,27,175,83,20,14,-1,-1,-1,-1
853,2,219,78,50,41,-1,-1,-1,-1
853,27,172,83,24,17,-1,-1,-1,-1
854,2,219,79,51,41,-1,-1,-1,-1
854,27,172,83,24,17,-1,-1,-1,-1
855,2,218,79,52,41,-1,-1,-1,-1
855,27,171,83,25,18,-1,-1,-1,-1
856,2,218,79,52,41,-1,-1,-1,-1
856,27,170,83,26,19,-1,-1,-1,-1
857,2,218,79,52,41,-1,-1,-1,-1
857,27,171,83,24,18,-1,-1,-1,-1
858,2,218,78,52,42,-1,-1,-1,-1
858,27,172,83,22,16,-1,-1,-1,-1
859,2,218,78,52,41,-1,-1,-1,-1
859,27,170,83,25,17,-1,-1,-1,-1
860,2,218,77,52,42,-1,-1,-1,-1
860,27,170,82,25,18,-1,-1,-1,-1
861,2,218,76,52,41,-1,-1,-1,-1
861,27,169,81,26,18,-1,-1,-1,-1
862,2,218,76,52,41,-1,-1,-1,-1
862,27,168,81,26,18,-1,-1,-1,-1
863,2,218,76,52,41,-1,-1,-1,-1
863,27,170,82,24,16,-1,-1,-1,-1
864,2,217,76,53,41,-1,-1,-1,-1
864,27,170,82,23,16,-1,-1,-1,-1
865,2,217,76,52,42,-1,-1,-1,-1
865,27,169,82,24,16,-1,-1,-1,-1
866,2,217,76,52,42,-1,-1,-1,-1
866,27,169,82,24,16,-1,-1,-1,-1
867,2,217,76,52,42,-1,-1,-1,-1
867,27,168,82,26,17,-1,-1,-1,-1
868,2,218,78,50,39,-1,-1,-1,-1
868,27,168,81,26,18,-1,-1,-1,-1
869,2,219,80,49,38,-1,-1,-1,-1
869,27,168,82,25,17,-1,-1,-1,-1
870,2,217,78,52,40,-1,-1,-1,-1
870,27,167,82,26,18,-1,-1,-1,-1
871,2,216,78,53,41,-1,-1,-1,-1
871,27,167,82,27,18,-1,-1,-1,-1
872,2,216,79,53,40,-1,-1,-1,-1
872,27,167,83,27,18,-1,-1,-1,-1
873,2,215,78,54,42,-1,-1,-1,-1
873,27,167,83,27,18,-1,-1,-1,-1
874,2,215,78,55,43,-1,-1,-1,-1
874,27,167,84,27,18,-1,-1,-1,-1
875,2,215,79,55,42,-1,-1,-1,-1
875,27,167,84,27,19,-1,-1,-1,-1
876,2,215,79,55,43,-1,-1,-1,-1
876,27,167,85,28,18,-1,-1,-1,-1
877,2,216,79,54,43,-1,-1,-1,-1
877,27,167,85,27,19,-1,-1,-1,-1
878,2,217,80,52,41,-1,-1,-1,-1
878,27,168,85,27,19,-1,-1,-1,-1
879,2,218,81,51,40,-1,-1,-1,-1
879,27,167,85,28,19,-1,-1,-1,-1
880,2,218,80,52,41,-1,-1,-1,-1
880,27,167,85,28,19,-1,-1,-1,-1
881,2,217,80,53,41,-1,-1,-1,-1
881,27,167,85,28,19,-1,-1,-1,-1
882,2,217,79,53,42,-1,-1,-1,-1
882,27,168,85,27,19,-1,-1,-1,-1
883,2,218,77,53,42,-1,-1,-1,-1
883,27,167,83,29,19,-1,-1,-1,-1
884,2,218,77,52,40,-1,-1,-1,-1
884,27,168,81,28,20,-1,-1,-1,-1
885,2,218,76,53,41,-1,-1,-1,-1
885,27,169,81,28,20,-1,-1,-1,-1
886,2,218,76,53,40,-1,-1,-1,-1
886,27,169,80,28,20,-1,-1,-1,-1
887,2,218,76,53,41,-1,-1,-1,-1
887,27,168,80,29,20,-1,-1,-1,-1
888,2,218,76,52,41,-1,-1,-1,-1
888,27,169,80,27,20,-1,-1,-1,-1
889,2,218,75,53,41,-1,-1,-1,-1
889,27,168,80,29,20,-1,-1,-1,-1
890,2,217,76,54,42,-1,-1,-1,-1
890,27,168,80,28,20,-1,-1,-1,-1
891,2,218,76,54,42,-1,-1,-1,-1
891,27,168,80,27,19,-1,-1,-1,-1
892,2,217,75,55,43,-1,-1,-1,-1
892,27,169,80,26,19,-1,-1,-1,-1
893,2,218,76,53,42,-1,-1,-1,-1
893,27,168,80,28,20,-1,-1,-1,-1
894,2,218,76,53,42,-1,-1,-1,-1
894,27,168,80,29,20,-1,-1,-1,-1
895,2,218,76,54,42,-1,-1,-1,-1
895,27,168,80,29,21,-1,-1,-1,-1
896,2,218,75,55,43,-1,-1,-1,-1
896,27,168,80,30,21,-1,-1,-1,-1
897,2,219,76,54,43,-1,-1,-1,-1
897,27,169,81,28,20,-1,-1,-1,-1
898,2,219,77,54,42,-1,-1,-1,-1
898,27,169,82,28,20,-1,-1,-1,-1
899,2,221,77,53,42,-1,-1,-1,-1
899,27,170,82,26,19,-1,-1,-1,-1
900,2,220,77,55,43,-1,-1,-1,-1
900,27,171,83,26,18,-1,-1,-1,-1
901,2,220,77,55,43,-1,-1,-1,-1
901,27,171,83,26,18,-1,-1,-1,-1
902,2,222,78,52,41,-1,-1,-1,-1
902,27,171,82,27,19,-1,-1,-1,-1
903,2,222,78,51,41,-1,-1,-1,-1
903,27,171,82,27,19,-1,-1,-1,-1
904,2,222,77,52,42,-1,-1,-1,-1
904,27,170,81,29,19,-1,-1,-1,-1
905,2,222,79,51,40,-1,-1,-1,-1
905,27,170,81,29,20,-1,-1,-1,-1
906,2,220,78,54,41,-1,-1,-1,-1
906,27,171,81,27,19,-1,-1,-1,-1
907,2,220,76,54,43,-1,-1,-1,-1
907,27,172,83,25,17,-1,-1,-1,-1
908,2,220,76,55,43,-1,-1,-1,-1
908,27,172,84,25,16,-1,-1,-1,-1
909,2,222,76,53,41,-1,-1,-1,-1
909,27,172,84,25,16,-1,-1,-1,-1
910,2,222,76,53,41,-1,-1,-1,-1
910,27,171,81,27,18,-1,-1,-1,-1
911,2,221,74,54,43,-1,-1,-1,-1
911,27,171,81,27,17,-1,-1,-1,-1
912,2,220,72,55,43,-1,-1,-1,-1
912,27,171,79,27,18,-1,-1,-1,-1
913,2,222,72,53,43,-1,-1,-1,-1
913,27,170,77,30,19,-1,-1,-1,-1
914,2,221,73,54,42,-1,-1,-1,-1
914,27,170,77,30,20,-1,-1,-1,-1
915,2,220,73,55,42,-1,-1,-1,-1
915,27,171,79,28,18,-1,-1,-1,-1
916,2,220,72,56,44,-1,-1,-1,-1
916,27,171,79,28,18,-1,-1,-1,-1
917,2,220,72,56,44,-1,-1,-1,-1
917,27,171,79,28,19,-1,-1,-1,-1
918,2,220,73,55,43,-1,-1,-1,-1
918,27,171,79,29,19,-1,-1,-1,-1
919,2,221,75,53,42,-1,-1,-1,-1
919,27,171,81,28,19,-1,-1,-1,-1
920,2,221,75,54,42,-1,-1,-1,-1
920,27,170,79,30,21,-1,-1,-1,-1
921,2,220,75,54,42,-1,-1,-1,-1
921,27,169,79,31,21,-1,-1,-1,-1
922,2,221,76,53,41,-1,-1,-1,-1
922,27,170,79,30,21,-1,-1,-1,-1
923,2,220,76,54,41,-1,-1,-1,-1
923,27,170,79,29,21,-1,-1,-1,-1
924,2,219,76,55,41,-1,-1,-1,-1
924,27,169,79,30,21,-1,-1,-1,-1
925,2,220,76,54,41,-1,-1,-1,-1
925,27,170,79,29,20,-1,-1,-1,-1
926,2,219,74,55,43,-1,-1,-1,-1
926,27,170,78,28,21,-1,-1,-1,-1
927,2,218,73,57,44,-1,-1,-1,-1
927,27,169,78,30,21,-1,-1,-1,-1
928,2,217,73,58,43,-1,-1,-1,-1
928,27,169,78,29,20,-1,-1,-1,-1
929,2,218,72,56,44,-1,-1,-1,-1
929,27,169,77,29,21,-1,-1,-1,-1
930,2,217,72,56,43,-1,-1,-1,-1
930,27,170,77,27,20,-1,-1,-1,-1
931,2,217,73,54,42,-1,-1,-1,-1
931,27,169,77,28,20,-1,-1,-1,-1
932,2,217,73,55,42,-1,-1,-1,-1
932,27,169,77,28,20,-1,-1,-1,-1
933,2,217,73,55,42,-1,-1,-1,-1
933,27,168,77,29,20,-1,-1,-1,-1
934,2,216,72,58,44,-1,-1,-1,-1
934,27,169,79,27,18,-1,-1,-1,-1
935,2,216,72,58,44,-1,-1,-1,-1
935,27,170,79,25,18,-1,-1,-1,-1
936,2,215,71,58,45,-1,-1,-1,-1
936,27,169,79,27,18,-1,-1,-1,-1
937,2,215,73,56,43,-1,-1,-1,-1
937,27,169,80,24,16,-1,-1,-1,-1
938,2,215,73,56,42,-1,-1,-1,-1
938,27,168,80,26,17,-1,-1,-1,-1
939,2,215,72,55,43,-1,-1,-1,-1
939,27,168,78,26,18,-1,-1,-1,-1
940,2,214,72,56,43,-1,-1,-1,-1
940,27,166,77,29,19,-1,-1,-1,-1
941,2,215,72,55,42,-1,-1,-1,-1
941,27,166,77,28,19,-1,-1,-1,-1
942,2,214,71,56,43,-1,-1,-1,-1
942,27,165,75,30,21,-1,-1,-1,-1
943,2,214,70,55,42,-1,-1,-1,-1
943,27,165,75,30,20,-1,-1,-1,-1
944,2,214,70,56,43,-1,-1,-1,-1
944,27,164,74,30,21,-1,-1,-1,-1
945,2,214,70,55,43,-1,-1,-1,-1
945,27,165,76,28,19,-1,-1,-1,-1
946,2,213,70,56,44,-1,-1,-1,-1
946,27,164,75,30,20,-1,-1,-1,-1
947,2,212,70,58,44,-1,-1,-1,-1
947,27,165,75,28,20,-1,-1,-1,-1
948,2,213,70,57,44,-1,-1,-1,-1
948,27,164,75,28,20,-1,-1,-1,-1
949,2,213,70,56,43,-1,-1,-1,-1
949,27,163,75,29,19,-1,-1,-1,-1
950,2,213,70,56,43,-1,-1,-1,-1
950,27,163,74,29,20,-1,-1,-1,-1
951,2,211,70,55,43,-1,-1,-1,-1
951,27,162,74,30,21,-1,-1,-1,-1
952,2,210,71,56,42,-1,-1,-1,-1
952,27,161,72,31,23,-1,-1,-1,-1
953,2,210,71,57,43,-1,-1,-1,-1
953,27,160,72,33,24,-1,-1,-1,-1
954,2,209,71,58,43,-1,-1,-1,-1
954,27,160,72,33,24,-1,-1,-1,-1
955,2,209,71,58,44,-1,-1,-1,-1
955,27,161,75,30,21,-1,-1,-1,-1
956,2,208,71,59,45,-1,-1,-1,-1
956,27,160,75,30,22,-1,-1,-1,-1
957,2,208,71,59,45,-1,-1,-1,-1
957,27,160,74,30,23,-1,-1,-1,-1
957,65,130,73,21,12,-1,-1,-1,-1
958,2,207,71,60,46,-1,-1,-1,-1
958,27,160,76,29,21,-1,-1,-1,-1
958,65,129,73,22,12,-1,-1,-1,-1
959,2,207,71,59,45,-1,-1,-1,-1
959,27,160,74,30,23,-1,-1,-1,-1
960,2,208,71,58,45,-1,-1,-1,-1
960,27,160,74,29,22,-1,-1,-1,-1
961,2,208,71,59,45,-1,-1,-1,-1
961,27,159,74,29,22,-1,-1,-1,-1
962,2,209,71,58,44,-1,-1,-1,-1
962,27,160,74,28,21,-1,-1,-1,-1
963,2,208,71,58,44,-1,-1,-1,-1
963,27,159,74,29,21,-1,-1,-1,-1
964,2,206,70,61,46,-1,-1,-1,-1
964,27,159,74,29,22,-1,-1,-1,-1
965,2,206,70,60,46,-1,-1,-1,-1
965,27,159,74,29,22,-1,-1,-1,-1
966,2,206,71,60,46,-1,-1,-1,-1
966,27,159,74,28,22,-1,-1,-1,-1
967,2,207,71,59,45,-1,-1,-1,-1
967,27,159,74,29,22,-1,-1,-1,-1
968,2,207,72,59,45,-1,-1,-1,-1
968,27,159,74,28,22,-1,-1,-1,-1
969,2,206,71,59,45,-1,-1,-1,-1
969,27,158,74,28,22,-1,-1,-1,-1
970,2,204,71,61,46,-1,-1,-1,-1
970,27,159,75,28,22,-1,-1,-1,-1
971,2,205,70,60,46,-1,-1,-1,-1
971,27,157,74,29,23,-1,-1,-1,-1
972,2,205,70,61,46,-1,-1,-1,-1
972,27,158,74,29,23,-1,-1,-1,-1
973,2,206,71,58,45,-1,-1,-1,-1
973,27,157,73,29,23,-1,-1,-1,-1
974,2,205,68,60,46,-1,-1,-1,-1
974,27,158,71,29,23,-1,-1,-1,-1
975,2,204,67,61,46,-1,-1,-1,-1
975,27,157,70,29,23,-1,-1,-1,-1
976,2,203,65,62,47,-1,-1,-1,-1
976,27,157,69,30,24,-1,-1,-1,-1
977,2,203,64,62,48,-1,-1,-1,-1
977,27,157,68,29,23,-1,-1,-1,-1
978,2,202,63,63,48,-1,-1,-1,-1
978,27,156,68,29,23,-1,-1,-1,-1
979,2,203,63,62,48,-1,-1,-1,-1
979,27,157,69,28,22,-1,-1,-1,-1
980,2,203,64,62,48,-1,-1,-1,-1
980,27,156,69,28,22,-1,-1,-1,-1
981,2,202,64,62,48,-1,-1,-1,-1
981,27,154,68,29,23,-1,-1,-1,-1
982,2,202,65,63,49,-1,-1,-1,-1
982,27,154,70,30,23,-1,-1,-1,-1
983,2,201,65,63,49,-1,-1,-1,-1
983,27,154,70,29,23,-1,-1,-1,-1
984,2,201,65,62,49,-1,-1,-1,-1
984,27,155,71,27,21,-1,-1,-1,-1
985,2,201,65,62,49,-1,-1,-1,-1
985,27,156,73,25,19,-1,-1,-1,-1
986,2,201,65,63,48,-1,-1,-1,-1
986,27,153,71,30,22,-1,-1,-1,-1
987,2,202,65,62,48,-1,-1,-1,-1
987,27,153,70,30,23,-1,-1,-1,-1
988,2,202,65,61,48,-1,-1,-1,-1
988,27,153,70,30,23,-1,-1,-1,-1
989,2,201,65,62,49,-1,-1,-1,-1
989,27,153,70,30,23,-1,-1,-1,-1
990,2,200,66,62,48,-1,-1,-1,-1
990,27,154,72,28,22,-1,-1,-1,-1
991,2,201,66,62,48,-1,-1,-1,-1
991,27,153,71,30,23,-1,-1,-1,-1
992,2,200,66,63,51,-1,-1,-1,-1
992,27,152,71,31,24,-1,-1,-1,-1
992,65,54,71,29,16,-1,-1,-1,-1
993,2,200,66,63,50,-1,-1,-1,-1
993,27,153,71,30,24,-1,-1,-1,-1
993,65,52,71,29,17,-1,-1,-1,-1
994,2,201,66,61,48,-1,-1,-1,-1
994,27,154,73,28,21,-1,-1,-1,-1
995,2,200,66,62,49,-1,-1,-1,-1
995,27,153,73,30,22,-1,-1,-1,-1
996,2,199,64,64,51,-1,-1,-1,-1
996,27,153,73,30,22,-1,-1,-1,-1
997,2,200,65,63,50,-1,-1,-1,-1
997,27,151,71,31,23,-1,-1,-1,-1
998,2,199,65,64,50,-1,-1,-1,-1
998,27,153,75,27,19,-1,-1,-1,-1
999,2,200,65,62,49,-1,-1,-1,-1
999,27,152,74,28,20,-1,-1,-1,-1
1000,2,200,65,63,51,-1,-1,-1,-1
1000,27,152,74,29,21,-1,-1,-1,-1
1000,72,260,75,25,11,-1,-1,-1,-1
1001,2,198,66,63,50,-1,-1,-1,-1
1001,27,151,73,31,23,-1,-1,-1,-1
1001,72,260,75,24,12,-1,-1,-1,-1
1002,2,198,66,63,50,-1,-1,-1,-1
1002,27,151,73,30,23,-1,-1,-1,-1
1002,72,260,74,26,12,-1,-1,-1,-1
1003,2,198,64,65,52,-1,-1,-1,-1
1003,27,152,74,30,22,-1,-1,-1,-1
1003,72,260,74,29,13,-1,-1,-1,-1
1004,2,196,63,65,52,-1,-1,-1,-1
1004,27,152,73,30,22,-1,-1,-1,-1
1004,72,261,74,26,12,-1,-1,-1,-1
1005,2,197,64,65,51,-1,-1,-1,-1
1005,27,152,73,30,22,-1,-1,-1,-1
1005,72,263,73,26,13,-1,-1,-1,-1
1006,2,196,63,65,52,-1,-1,-1,-1
1006,27,152,71,31,23,-1,-1,-1,-1
1006,72,266,73,25,12,-1,-1,-1,-1
1007,2,196,63,65,52,-1,-1,-1,-1
1007,27,151,69,33,25,-1,-1,-1,-1
1007,72,267,73,25,12,-1,-1,-1,-1
1008,2,195,63,66,52,-1,-1,-1,-1
1008,27,150,69,34,25,-1,-1,-1,-1
1008,72,268,73,25,12,-1,-1,-1,-1
1009,2,194,62,68,53,-1,-1,-1,-1
1009,27,150,69,33,24,-1,-1,-1,-1
1009,72,270,73,25,11,-1,-1,-1,-1
1010,2,194,62,67,53,-1,-1,-1,-1
1010,27,150,68,34,25,-1,-1,-1,-1
1010,72,271,73,25,11,-1,-1,-1,-1
1011,2,193,61,68,55,-1,-1,-1,-1
1011,27,150,69,34,26,-1,-1,-1,-1
1011,72,272,74,24,10,-1,-1,-1,-1
1012,2,192,61,68,55,-1,-1,-1,-1
1012,27,150,69,34,26,-1,-1,-1,-1
1012,72,272,74,24,11,-1,-1,-1,-1
1013,2,192,63,67,53,-1,-1,-1,-1
1013,27,150,68,34,27,-1,-1,-1,-1
1013,72,275,74,25,11,-1,-1,-1,-1
1014,2,192,63,67,54,-1,-1,-1,-1
1014,27,150,68,33,27,-1,-1,-1,-1
1014,72,277,74,25,11,-1,-1,-1,-1
1015,2,192,62,68,55,-1,-1,-1,-1
1015,27,150,68,33,27,-1,-1,-1,-1
1015,72,278,74,25,11,-1,-1,-1,-1
1016,2,190,62,68,55,-1,-1,-1,-1
1016,27,150,67,34,27,-1,-1,-1,-1
1017,2,192,62,67,54,-1,-1,-1,-1
1017,27,150,67,33,26,-1,-1,-1,-1
1018,2,191,62,67,54,-1,-1,-1,-1
1018,27,150,66,33,26,-1,-1,-1,-1
1019,2,189,61,68,55,-1,-1,-1,-1
1019,27,150,66,32,26,-1,-1,-1,-1
